1 1 60
0.666666667 1 1500 40 30
2.3249066260298035 -1.4171831328068176 25 50 10
-1.960353108488076 3.939390473582698 75 100 20
2.2297179593615173 -4.879111664429745 0 25 20
1.3986015945825194 3.0806474878027057 25 50 20
1.6265628982818816 0.8793764111126041 200 225 20
-4.811056295855573 -4.18681047324497 425 450 20
-4.363887124456417 1.8564028657094007 200 450 5
1.00212746806005 -4.88407214155207 425 450 20
1.889232477094872 3.4023052749877145 0 25 20
2.3179142471438565 -4.006875428529656 0 50 5
