1 1 100
0.666666667 1 1500 40 30
4.639063737418233 -2.489038767127745 0 25 10
0.5045683861612211 8.626635179882005 250 275 10
-7.379076702437759 9.741732106733473 50 75 5
0.4918490061369382 4.150754066570768 250 275 5
9.901368489657568 5.550814286600298 125 275 20
-5.115088729139634 9.785771178831464 25 75 20
2.474713742306889 0.0886887077341906 25 75 20
-4.81649516544024 4.853994016979907 250 275 5
-0.7431273899997208 8.943362820484857 250 275 5
-7.083887505009116 -0.3729899161410124 250 275 20
