1 1 100
0.666666667 1 1500 40 30
4.633688831085935 7.683624982115202 25 50 5
2.7172059857531305 9.000562147228699 75 100 20
-3.298332714994931 9.49170967551834 0 25 20
9.339171765611276 -6.854516536958169 400 400 5
3.2254901342276927 -2.553154683188934 400 400 20
-2.8615764998306537 8.865467241492166 0 25 20
-1.924042262083249 -1.723370102131339 0 25 10
1.7731297837795896 -7.834936534954844 0 50 20
-3.0039235620944504 -9.987261491295262 225 400 10
7.0562541973192445 -6.552609594693475 225 400 10
