1 1 100
0.666666667 1 1500 40 30
4.644438345727309 7.338297483629312 0 50 10
-1.7080689154074662 8.252708212535314 25 50 10
8.540179608142637 9.991754239925378 400 400 20
-8.355474051360623 -4.8439753299002986 0 25 20
-3.4227528568893355 -6.345216445587245 225 400 10
-7.368600958448612 -9.293924883829238 400 400 5
6.873469746697026 1.9007469215532709 200 200 10
8.59387988533993 -2.457075133062117 25 50 5
1.5176687820950114 7.873986834241759 75 175 20
-1.2240295053607024 5.806629464388227 25 100 5
