1 1 30
0.666666667 1 1500 40 30
1.1490161216899617 -0.2769321932960471 200 200 5
-0.4485830768049044 -2.095486823301276 0 50 5
1.316718352241379 1.9353884622763289 25 100 20
-2.182391931493866 -0.9728523178861463 400 400 10
-0.8764150354801918 0.1797651850367754 200 400 20
-1.7717480961959793 0.6058349200292708 75 175 10
1.8211662777848323 1.398055004237326 75 175 5
1.97512633059702 0.8356370278464444 25 100 20
0.2926258828164125 -0.6254074714041924 25 50 5
1.50931197543928 -2.452486836140179 400 400 10
