1 1 80
0.666666667 1 1500 40 30
2.218304764140723 0.3406483408797545 25 100 20
-1.4097114562325863 4.688945717915743 400 425 5
3.164469090950956 0.1621137424193737 150 175 5
-3.1294936812504504 -1.8572157568975225 75 175 20
2.5549706478767256 3.4839874229483563 0 50 10
3.2169324771450185 4.227161684544978 400 425 20
-1.6058822546087868 2.583907905081327 75 100 5
-1.6369761162894525 0.1188010230796887 75 175 20
3.716775808940751 4.61159517210387 150 175 5
-3.902603888305387 3.430667613513167 75 100 5
4.384550108506533 -1.5844335852250402 25 50 20
-0.5192780548421148 0.2450430358021149 0 50 5
