1 1 80
0.666666667 1 1500 40 30
2.212930006820036 0.5133120901226995 250 425 10
0.8029258453360999 -4.937127165725952 100 175 10
-2.754787070617829 -0.087908539784145 50 100 20
-4.282170772764501 -2.8624862114148444 0 25 10
-4.120908005576372 -4.619981844864098 0 25 20
-4.529555442557614 3.3068577472056795 50 100 20
3.995361741001074 0.7718493932390214 25 50 5
4.952648981941991 -2.570129677866675 250 425 10
1.4559797858576309 -4.319028841653027 225 225 10
0.2375379630345868 -2.748952065039295 25 25 10
2.0121431239812786 0.4601608399778287 425 425 20
1.9692522913878896 -1.7137703519355032 0 25 20
