1 1 40
0.666666667 1 1500 40 30
1.110944017514461 1.7794362540255628 0 25 5
1.8909318628627467 -1.1135028713301651 75 100 10
0.2219866241670081 0.1643976319441935 0 25 20
0.4861455232127913 -0.59351767727245 25 50 5
0.1694448750893955 1.1099834674116638 375 450 5
-2.47603778819328 0.7536821298836527 0 50 10
0.6633109486647921 0.2293068146567005 75 175 10
0.3183036006133957 -2.377622513638895 375 450 20
0.9453199618352855 1.9493389736414384 175 225 10
0.0019840805653799 -1.2247930415650683 175 225 10
-2.016922617571649 1.859584991147384 175 225 20
2.244184115996469 -0.8912073528530695 0 50 20
