1 1 70
0.666666667 1 1500 40 30
2.315052631087257 -2.767299592528085 25 75 5
-1.2371846726082802 -2.041743121591807 25 75 5
-0.2889185106948027 4.662514077024664 25 50 5
-2.3813063320207672 -3.762348171632172 125 275 10
2.720785515962815 -0.6445670975319517 125 150 5
2.653715627838851 0.7926322586291139 0 50 10
-2.428273132505004 -4.799037987687512 50 75 10
-0.2502266923625198 -1.4804451677928765 25 75 20
4.411106310599475 -4.637171984225523 50 75 20
1.574841148447356 4.663821827457497 125 150 5
-2.912123126957619 1.6128642279259005 0 25 20
4.687173626855243 -4.496314941839476 125 275 5
-0.0674607062333487 2.4838692305445846 25 50 10
1.156713311635789 -0.5962030558490667 125 150 10
2.1986789765893864 -0.0320051359228648 50 75 10
-3.382226301232726 -2.7849227109995844 125 275 5
3.330310149491563 -3.0127693387742607 275 275 10
-0.8329408073415987 -4.502544880206951 25 50 20
4.719087604338382 0.3625441703312262 50 125 5
-3.978915957338842 -1.4579506973767051 50 75 10
