1 1 130
0.666666667 1 1500 40 30
4.560232075901084 6.710029853125334 0 25 10
6.289917065292478 0.7775670145324103 125 225 20
-7.528168164865088 6.074738932438411 0 25 20
-9.74741470471258 9.406788195045303 125 125 20
-1.344850866918195 -6.640733782556154 50 50 10
-5.396911849468133 9.62131362987058 0 25 20
-2.040374918128263 6.845163072651786 225 225 10
5.164671849202428 -7.916990490969759 0 25 5
-0.5681373180093381 4.62754355468606 50 100 20
6.971527407395652 8.992587833732976 225 225 20
-6.665537797801595 9.80545762261684 125 225 20
1.7252430958050464 -4.45720437130282 0 25 20
6.012751880639062 -9.673195281004377 50 50 20
5.169474189723253 -6.591041414276335 0 25 5
3.000049416373745 -5.496588907057842 50 50 5
-2.726551170448392 9.792503143167096 125 225 20
5.752069529492195 8.211903251835487 0 25 5
3.114936036062556 -9.466916833376548 125 225 20
-7.598890666257176 4.795992121273677 0 25 5
7.353303787305478 -9.195069383877383 125 225 5
