1 1 130
0.666666667 1 1500 40 30
4.565606982233382 -3.46263389611761 25 50 5
4.077279763723794 0.4036397491624939 50 125 10
8.391088145715308 6.324761363653543 25 75 10
1.4052622377898611 0.4120585005510158 0 25 20
5.331027786534904 1.463235485256302 275 275 5
-7.650424078777112 -9.458382432790122 0 25 5
2.3583810862618755 8.657221286470868 150 275 10
-1.4249528019941788 4.771940358988216 0 25 20
1.6926588540853942 3.558167270419734 275 275 5
-7.168614294932709 -4.827792487714559 150 150 5
5.706869335735272 7.76086304840236 50 75 5
-0.7632871014133435 7.501608867423183 25 75 20
-6.767838189277857 0.6837996680833154 50 125 20
1.8728552607743647 7.67039197883792 150 275 20
-7.661695966170782 -0.4633137420504578 25 75 20
9.270533197231885 -5.2353697546095646 0 25 20
-0.3318883557973855 5.578253712178059 25 75 5
7.362565424618786 1.3378391870123387 0 25 5
1.4039605548915883 -0.1325386865998403 50 125 10
-1.5167835285358071 6.672559037602625 50 75 20
