1 1 40
0.666666667 1 1500 40 30
1.1566305723273844 0.3117941619431148 25 50 10
-1.916486094540757 0.7081163416010177 0 50 20
0.5356646680539305 2.2895867326508847 0 25 5
0.2839005775648022 -2.0487191864042416 50 75 20
1.9144129079000844 -0.0062784267347182 0 25 20
-1.630890098191874 -1.4237344772381222 25 50 5
-1.9472626414899976 0.6318046868569343 25 50 5
-0.6935091383074177 0.4782889659458345 25 75 5
0.1620871266172825 -2.1403566859075127 250 325 5
-0.1892224008824561 1.3019743006366706 50 150 20
-1.8514626530605447 -0.5194688151699045 25 75 10
1.0916752789717616 0.7587069644573265 25 75 5
2.096368066375285 1.1824354819262788 50 75 5
-0.5388734730200868 -1.0083403522711032 250 325 20
-0.4570363061164872 -0.8548817621293296 250 325 5
-2.023960545229742 -0.5544825392036823 0 50 20
-0.654185327376493 0.5992235623871722 25 75 5
0.5422580812403659 0.9479348898317096 125 175 10
-0.8075981425280754 -2.330639446855467 25 75 20
1.155556648476599 -0.040246752268354 250 325 20
