nan nan nan
40.0 60.0 1500.0 40.0
4.574564861430655 -0.4170734781891845 25.0 25.0 10.0
7.05621719707835 -6.886238827771887 25.0 25.0 20.0
1.5898484646671545 6.741465316337688 50.0 100.0 10.0
6.659723907968335 -7.912490791590652 50.0 50.0 20.0
9.790825542290063 8.303183966920503 0.0 25.0 20.0
1.9270559364055533 -1.2578760692401083 250.0 500.0 5.0
9.689641093578777 -1.6560140304199162 0.0 25.0 5.0
-5.740994582709378 -7.413174990422899 250.0 500.0 20.0
-7.872680859090053 1.7758740593556368 0.0 25.0 20.0
2.597815903163463 5.471573643206211 50.0 100.0 10.0
-0.3391188743776929 -8.980127809280702 500.0 500.0 5.0
1.7558288391917038 7.432964662664162 250.0 500.0 10.0
-8.068821937162616 -8.721209147468162 0.0 25.0 5.0
3.0451568471774024 4.772780967361676 0.0 25.0 10.0
7.902061530906192 7.925478795674962 0.0 25.0 5.0
2.5990074413889026 -3.615157917570668 250.0 500.0 5.0
2.8615156654253564 -5.477828456553359 100.0 100.0 20.0
7.775281171553587 -0.6542344103627364 100.0 100.0 5.0
3.0753789587829736 4.986576037564509 0.0 25.0 5.0
-2.9669290549379497 -0.2147272246205886 50.0 50.0 20.0
5.984276992096408 -1.5796986571709564 100.0 200.0 10.0
-6.327312731222343 -9.948342305253156 500.0 500.0 20.0
-1.165605248509289 -9.884727471882687 25.0 25.0 20.0
-1.170167562788354 -1.811951240013185 100.0 200.0 5.0
-6.36728930133885 7.253747034490566 50.0 50.0 5.0
-5.885448761321688 0.7350857776624018 250.0 250.0 10.0
1.317320204587249 -7.182442315923745 100.0 200.0 5.0
9.285581057178945 -5.124361288411201 0.0 25.0 20.0
-6.966530526739447 6.222212220332139 50.0 100.0 5.0
-4.649270611336196 -9.062809649196977 500.0 500.0 20.0
1.40592920342122 -5.808530787983637 100.0 100.0 5.0
8.483899116223398 -8.732486817043384 250.0 500.0 20.0
-0.3016686496601384 -9.611981725679753 0.0 25.0 10.0
-4.850609096037091 6.4992598211674775 0.0 25.0 20.0
1.7500924241868798 7.315889058847546 100.0 100.0 10.0
-6.175895008738026 5.21909594361594 500.0 500.0 20.0
-9.418449289660805 9.010212942583426 250.0 500.0 5.0
-6.291729295907677 -1.9430038629975288 25.0 25.0 20.0
8.557940699155036 -1.9700373874049308 100.0 200.0 20.0
-4.184678952287644 2.211336222512088 250.0 500.0 20.0
7.002830769462204 -4.730701606009751 0.0 25.0 10.0
6.831549787119485 -2.574601865933883 250.0 250.0 10.0
-1.8483509475818671 -3.8968601876467694 500.0 500.0 5.0
1.136163760219295 9.430913327914205 0.0 25.0 5.0
-2.664078119140485 -8.617408612803947 0.0 25.0 10.0
-8.627638875430119 1.8742782277057903 250.0 500.0 10.0
8.288849601788165 6.795847257120556 0.0 25.0 20.0
-7.039936965190046 2.7410568062462453 100.0 200.0 10.0
9.46284639228503 -0.8897988999681523 100.0 100.0 5.0
-7.059082320288256 -3.705601109306249 250.0 500.0 5.0
4.249666621324925 -7.1892192663078935 25.0 25.0 10.0
-1.453795078974654 -3.456999233703783 50.0 100.0 5.0
2.993745440865114 5.651639373385118 500.0 500.0 5.0
5.878269254740671 3.254233536180441 50.0 50.0 10.0
9.689377191761611 -3.365175726915073 250.0 500.0 5.0
-5.90390213696052 6.52805731863095 0.0 25.0 5.0
-8.747645907520035 -5.066951680600353 0.0 25.0 20.0
-4.504319134704772 -9.052642680804832 0.0 25.0 10.0
-7.743301220067695 -6.728407095723918 0.0 25.0 5.0
-3.124235275059608 -4.679683568214714 250.0 250.0 5.0
3.0271008024436785 -5.714939953856042 500.0 500.0 20.0
-7.420362142290129 9.03045697884641 100.0 100.0 5.0
-6.022300276112187 3.364605512752517 250.0 250.0 10.0
-5.396438664768855 -8.990028241809068 250.0 250.0 20.0
-5.912172527807343 6.511275832761395 0.0 25.0 5.0
-9.837522380006323 2.351970599069519 50.0 50.0 5.0
-3.5946645450794783 -3.288926650253547 50.0 100.0 20.0
2.1036187193301323 8.5772707907172 25.0 25.0 10.0
-1.5318584241234472 -2.6526264532131254 100.0 100.0 5.0
-7.441358818987749 -7.428650609693676 25.0 50.0 10.0
-9.465391480652752 -3.8336768833690105 25.0 50.0 10.0
-4.775090234871229 4.207090094881693 50.0 100.0 5.0
9.513388882957551 8.310838982293635 500.0 500.0 20.0
6.666556171766992 -2.331055378639533 500.0 500.0 20.0
1.4833567213868974 -8.061161021743338 25.0 25.0 5.0
-7.974058337288912 -7.5058648303038495 250.0 250.0 5.0
0.6942516942012382 4.941322757997677 25.0 25.0 5.0
5.5361399729008 -0.653477467350811 100.0 100.0 5.0
-2.061337318389665 -3.724067107039448 500.0 500.0 20.0
-8.774925434729974 -3.461233721748112 50.0 100.0 5.0
-3.8140278559757927 -9.568379459854292 100.0 100.0 5.0
-5.7980699480240165 8.318399631259236 500.0 500.0 10.0
-3.631109377584602 8.540036851748553 500.0 500.0 5.0
-2.083537254069816 0.9334474168242596 250.0 500.0 20.0
1.2132016122796756 -5.350719684523071 250.0 500.0 5.0
7.781838957326961 -2.5067934365543287 25.0 25.0 10.0
-9.998652748716877 0.675622540080532 250.0 500.0 5.0
6.551621677744056 -2.360177256167133 25.0 25.0 20.0
2.160473712283705 8.548834777107658 50.0 100.0 5.0
-8.158466478547057 -6.953723160716844 250.0 500.0 5.0
-7.434431917080221 -6.933253514892639 100.0 200.0 5.0
-8.813378516103397 -5.243583256632787 100.0 200.0 20.0
6.44830368630269 -6.025344603928231 250.0 500.0 20.0
-4.975558298782365 -6.617343911866904 0.0 25.0 20.0
6.802228157203338 -9.21478303693046 500.0 500.0 5.0
-7.005096669148898 -1.8230414296873363 250.0 500.0 5.0
-7.825088920741797 -1.1455642218909097 500.0 500.0 20.0
3.947379455263789 5.990744212890322 50.0 100.0 20.0
7.737679686131873 -9.7706112236665 500.0 500.0 20.0
-4.954276616203792 -3.860667187749152 100.0 100.0 20.0
