nan nan nan
40.0 60.0 1500.0 40.0
9.005799483379803 -9.563113047186732 50.0 50.0 20.0
6.449431288158642 -17.13441982854726 0.0 25.0 20.0
-8.00046936598811 6.815670369961303 50.0 100.0 5.0
9.248059900988215 -2.6321929089146288 25.0 25.0 20.0
-11.775111815409575 -12.832810753018462 500.0 500.0 20.0
10.614432821981346 -13.723856339466227 50.0 50.0 5.0
-17.920879718052163 1.6997429698772102 250.0 500.0 5.0
17.57467813393155 -19.86450319817505 100.0 200.0 5.0
17.30007488471994 -7.931559312170293 100.0 100.0 5.0
8.93274982888105 6.153288595633633 100.0 100.0 5.0
16.057573613052057 9.895599892506922 500.0 500.0 10.0
3.205802628702642 15.96423719751916 100.0 100.0 5.0
4.67809668787735 13.037717389469307 50.0 100.0 20.0
-12.666511092047324 15.907335138111002 500.0 500.0 5.0
6.784003108580823 1.630282948207661 25.0 50.0 5.0
-8.057571831641592 6.846297156422082 250.0 250.0 5.0
-5.371431816620245 5.941659574735287 500.0 500.0 20.0
8.94711098819689 -9.435293646910026 0.0 25.0 5.0
19.40805809088577 8.067313508267155 25.0 25.0 10.0
17.268471504651274 -10.232876041809128 250.0 250.0 5.0
11.33211613659874 9.495614607653238 250.0 250.0 20.0
-7.54861531003943 -1.2826028371322593 100.0 200.0 10.0
-9.76631037848243 -13.423530334503738 50.0 100.0 20.0
-14.037652188577434 -8.454564624187611 50.0 100.0 20.0
-2.500233079776635 5.924043588291674 50.0 50.0 5.0
9.948577600138584 5.253683095355065 25.0 50.0 5.0
-9.895844228217497 -18.21519256331452 500.0 500.0 20.0
-6.760209434813259 4.454556479945918 25.0 50.0 10.0
-12.476424936965834 7.402169158257447 50.0 50.0 10.0
4.373906024739295 4.870084026734126 250.0 250.0 5.0
12.318282464936368 2.408940014016725 250.0 250.0 20.0
-12.572075908373408 -17.37499377792322 500.0 500.0 10.0
15.158515863976277 -11.721123860259834 100.0 100.0 10.0
-13.564767808045492 -13.635421552014702 25.0 25.0 20.0
-14.92202517637919 -6.131438941660999 100.0 200.0 20.0
4.170586095790245 -0.7716635213101739 100.0 200.0 20.0
15.735613759325505 3.0808617298500174 250.0 250.0 5.0
11.084013376082218 -12.288936215065489 25.0 25.0 10.0
-11.53302485175968 6.681221273027809 50.0 50.0 5.0
-9.835100122033236 -15.557779125746135 25.0 25.0 5.0
-17.09366762903223 -9.701964451727672 250.0 500.0 20.0
-6.482504508278364 -18.08492620131951 25.0 50.0 10.0
15.96087438081392 -19.361646211920025 0.0 25.0 5.0
-3.570902274643405 -15.803209895238552 100.0 100.0 20.0
-0.0817967119962439 1.9501710283549336 100.0 200.0 5.0
-15.287837218853948 13.650734290938743 25.0 50.0 5.0
-19.531630396279013 4.762546864327778 0.0 25.0 20.0
1.1015898170954088 -0.2977781915487973 250.0 250.0 5.0
5.421716529466863 -1.0651939345342178 25.0 50.0 5.0
6.488434356133812 6.678983638369303 100.0 100.0 20.0
-15.096226168171045 -6.953926247461268 250.0 250.0 5.0
-18.228708542369866 -12.242420082682234 0.0 25.0 20.0
-6.19154847149427 -7.843608567495348 0.0 25.0 5.0
-13.893388531440882 -17.952968964225274 250.0 500.0 5.0
-2.70921862374173 -4.029334895736882 50.0 50.0 20.0
17.339189266937545 1.8408972309217295 50.0 50.0 20.0
-9.919534970691446 -10.56330677894325 50.0 50.0 5.0
10.39407580776604 -12.930928776368468 0.0 25.0 10.0
-9.602531783817776 7.808534365242018 100.0 100.0 5.0
-0.5888301285799322 13.980519987962609 50.0 50.0 5.0
19.25092129363121 8.206443049700376 0.0 25.0 5.0
-0.59626564562274 -4.911754730857743 25.0 50.0 20.0
5.90256045923951 9.7046546612598 25.0 25.0 10.0
13.222087551644227 -2.592310896359137 500.0 500.0 10.0
10.275982200299492 13.978235741445523 25.0 50.0 10.0
19.60371943321111 -3.980143956518411 0.0 25.0 10.0
3.092938406028047 -11.45971729390733 250.0 500.0 10.0
8.091087834245386 9.990384000829494 50.0 100.0 20.0
14.51793846222219 4.6006843050697945 250.0 500.0 10.0
16.598334726586927 17.675830348609495 100.0 100.0 5.0
-7.9076014295780706 -8.42226460600546 250.0 250.0 10.0
17.408181961603994 18.448407279359685 500.0 500.0 10.0
-1.2604046280396872 -19.70618417092578 25.0 50.0 10.0
-12.61974828163288 17.870430971906906 50.0 50.0 10.0
-8.37833617905494 -3.113585393628142 100.0 100.0 5.0
-11.84793640338009 3.349723038419388 25.0 25.0 20.0
-7.370093182635449 19.465725275582884 25.0 50.0 5.0
12.113957462805594 -12.692779841250015 0.0 25.0 20.0
-8.710357462728835 19.550082318809963 0.0 25.0 5.0
-0.0608110777663704 4.888044977762664 500.0 500.0 20.0
10.860863229722302 0.3104737631412071 50.0 50.0 5.0
5.450453976225727 3.2472730129069127 100.0 100.0 5.0
18.41593767591987 -6.344613097479343 100.0 200.0 10.0
13.604091227441735 9.441673383660351 50.0 50.0 20.0
9.675621245462146 -11.812760614960087 100.0 100.0 20.0
7.373202396993857 13.9586387385946 500.0 500.0 10.0
9.38460783131138 10.06163734195551 25.0 25.0 5.0
9.31095769596638 16.91358546994023 50.0 50.0 20.0
18.00789266478587 -11.219280926951418 100.0 200.0 10.0
-6.424679443538395 13.947054194543696 500.0 500.0 20.0
-14.470823582122128 9.951829838933255 100.0 200.0 5.0
14.196450814208587 -11.147228972510238 50.0 50.0 5.0
-16.867423088002763 7.042776440164037 500.0 500.0 5.0
-14.631966933192464 -10.032090537951357 250.0 500.0 20.0
-6.451110132698755 -5.835079455206401 100.0 100.0 10.0
-0.4562181509340277 17.35682083280195 500.0 500.0 5.0
-9.15235257165962 -8.084655158906617 250.0 500.0 10.0
-0.8796329287561093 17.819457380375816 0.0 25.0 5.0
-9.543768304588554 8.309357235576012 100.0 100.0 5.0
-12.51197224705857 14.75576572940173 0.0 25.0 5.0
