nan nan nan
40.0 60.0 1500.0 40.0
2.247866748968363 4.39099772004356 50.0 50.0 10.0
-3.5792170618951955 2.6323463544276477 100.0 200.0 5.0
0.7203783521083009 1.537236071021313 50.0 50.0 20.0
-1.7897697524289793 -1.3282284805696687 250.0 500.0 10.0
-0.7276970561544607 -1.9441820511179744 0.0 25.0 10.0
0.8226162590269146 -0.7111668091004963 100.0 200.0 5.0
2.5872760675602 2.5502300182372286 250.0 250.0 5.0
2.1200862159666443 -0.0920797491862837 50.0 50.0 10.0
-3.848845393549836 -1.2699726032215797 100.0 100.0 20.0
-1.673384592215884 -2.581424154448287 0.0 25.0 10.0
2.432788895924457 -2.82970374340469 500.0 500.0 5.0
-4.20619548064778 -3.981483108123567 500.0 500.0 10.0
-0.3100822990744367 3.0214328139832745 500.0 500.0 5.0
2.364451562624632 1.1358780401066344 50.0 50.0 10.0
-4.529502102476293 -2.9479463376428985 250.0 500.0 10.0
-3.345782685375528 -4.936510445710038 100.0 200.0 5.0
-0.6202195626441576 -0.0921523282305791 100.0 200.0 10.0
-3.928308462317729 0.4380060570248476 50.0 100.0 5.0
2.183447041955599 1.9691823979940803 100.0 200.0 20.0
-3.102823913276324 0.1966953752277138 500.0 500.0 10.0
0.817118236971444 3.6902788754573823 500.0 500.0 20.0
2.240496575311885 -4.85529862024523 0.0 25.0 5.0
1.3725450126509244 3.80276557630909 250.0 500.0 5.0
-3.801845988620538 2.7655923648548715 500.0 500.0 10.0
4.630800308523723 -4.733575409647801 25.0 50.0 5.0
-4.969868721895805 3.408008636845329 25.0 25.0 5.0
1.2127768717143104 1.3499441608846938 50.0 50.0 10.0
-1.3233367368395612 2.4812210815045264 25.0 25.0 5.0
-4.082690450537921 -3.2755140626934853 250.0 250.0 10.0
-1.564712476542657 -0.2075862909789769 25.0 50.0 10.0
3.3172313219945675 0.95288502835262 0.0 25.0 20.0
-0.8815157859103726 -0.3414990225825223 100.0 200.0 10.0
-0.8163247496270012 4.25729009921834 0.0 25.0 20.0
-3.4877805881025283 -2.0747039029612555 250.0 250.0 10.0
4.808938574495668 -2.0519401171956675 100.0 100.0 10.0
3.455705852273411 4.526837764261227 500.0 500.0 20.0
3.798216293001037 4.396726254073776 0.0 25.0 10.0
0.3626902177238014 2.717692942623124 50.0 50.0 10.0
3.400521130808336 3.93583777905754 0.0 25.0 10.0
-1.4954184816366292 -1.3889560409034694 500.0 500.0 10.0
4.949099833740704 -1.431505143924622 50.0 100.0 5.0
-3.124266199330201 -2.8446247759789456 250.0 250.0 5.0
0.48165800210292 4.870390286203172 25.0 50.0 5.0
-4.038806373142546 3.182571642216009 50.0 100.0 10.0
-4.889290264347749 0.967167508141288 50.0 50.0 20.0
4.227226678784348 -1.3397620111794586 100.0 100.0 5.0
-2.785640988077749 4.969908024834112 250.0 250.0 10.0
-4.345065847731132 -0.2189416045696521 250.0 250.0 5.0
1.0178297408902957 4.751561672606142 500.0 500.0 20.0
-0.862726480752273 0.0220005262145495 500.0 500.0 10.0
-1.363945378301671 1.4471313346705124 500.0 500.0 5.0
3.059794845192375 -2.1938154418431344 500.0 500.0 10.0
1.1476369877027874 1.5604256752695234 100.0 200.0 5.0
0.8854047805236913 -0.0997780823663276 500.0 500.0 5.0
0.7704959890806204 -4.939808280179568 100.0 200.0 10.0
-3.936527829842989 4.1798441109905085 500.0 500.0 20.0
-1.2904900301804023 -0.6515617503770539 100.0 100.0 10.0
-2.916413270634907 -2.103373324164571 50.0 50.0 10.0
-4.253531239151148 1.4837672754254283 500.0 500.0 5.0
-4.005716536507663 0.0786270260888404 500.0 500.0 20.0
-4.857351669472438 3.542518821459243 0.0 25.0 10.0
-3.792954900728264 -0.802255429730522 500.0 500.0 20.0
-0.0756808152000418 -1.499450213988859 500.0 500.0 10.0
-2.0941041241698444 -0.2633840099025031 0.0 25.0 10.0
-0.8784961791203063 -3.4815488584324217 25.0 50.0 10.0
1.8828990376391768 3.787861882003961 50.0 50.0 20.0
0.0302912740105254 4.0130240170835165 50.0 100.0 5.0
-4.880131677240897 -3.681507790296137 0.0 25.0 20.0
-3.930974076188533 0.3978194469502059 100.0 200.0 20.0
3.936610035464275 -4.767714049141899 0.0 25.0 20.0
2.2986791212940227 -0.1244389373842116 0.0 25.0 5.0
3.0260045809869838 -0.1370424731178481 100.0 100.0 5.0
3.1777192384377244 -1.834742476909982 500.0 500.0 10.0
1.1962412947533183 4.030921450119148 100.0 100.0 20.0
-0.3782101810013252 -3.4531780513698616 25.0 50.0 20.0
-2.859479564262757 2.2964671068828477 0.0 25.0 5.0
4.93851180496635 -1.8939917914227191 250.0 250.0 10.0
1.0545313334288196 0.542159655442366 500.0 500.0 10.0
1.7077185487678914 3.562476037728196 250.0 250.0 20.0
0.4220231657461015 4.517273965565172 25.0 25.0 10.0
4.17743861705965 -3.4362007719457752 25.0 25.0 5.0
0.7887783259621148 2.4770801863934064 0.0 25.0 5.0
3.2459382999548723 0.8282295407045916 25.0 50.0 10.0
4.845301950249969 0.5497877947642218 250.0 500.0 5.0
3.6001356277776555 4.019026785309807 250.0 500.0 5.0
-4.36146131849536 1.9639652951389095 100.0 100.0 10.0
-4.919300179151204 -4.266830872867422 250.0 500.0 20.0
2.2329322527012296 3.769244732931469 50.0 50.0 20.0
2.8441467077949607 -0.5127439192612169 0.0 25.0 20.0
-1.3588634932433843 -2.816873819255352 50.0 100.0 5.0
3.392245006462298 1.0834157920443117 250.0 250.0 5.0
-0.6553069363746964 0.1966912847982902 100.0 100.0 20.0
-3.960956518614733 -1.7619690699445445 250.0 250.0 5.0
-2.7750128426771967 3.572042446668336 500.0 500.0 5.0
1.8858333503511595 -1.143907519521303 25.0 50.0 10.0
2.224794692938975 3.8642778452083855 25.0 25.0 20.0
4.874357518633017 -2.1660019278024523 250.0 250.0 5.0
1.56073197182888 -0.3991864161400063 0.0 25.0 5.0
1.9885797468327144 4.773603756263244 25.0 25.0 10.0
4.806921358560954 -0.7491312438410009 500.0 500.0 5.0
2.175325107389515 -2.509656590294612 50.0 100.0 5.0
-0.329813948556378 2.117923299033756 100.0 100.0 5.0
-3.9458941957286897 -1.3017715163945889 50.0 100.0 10.0
-3.2229155265046705 -4.212038479023814 100.0 200.0 10.0
0.9864437854096844 -4.245460190952631 250.0 500.0 10.0
4.293099010301036 -3.733684131452781 100.0 200.0 10.0
-1.4249970442026916 -4.152976043128477 250.0 500.0 5.0
-4.305710462885655 -0.5640804285333356 100.0 100.0 5.0
4.162842793337822 1.5064081745252134 100.0 200.0 10.0
-3.488273314834273 4.9697856354754695 50.0 50.0 20.0
0.4031081870234834 3.827043490210016 0.0 25.0 5.0
-1.6309852320046303 -3.66948148645955 500.0 500.0 10.0
-0.5305354571840759 3.278491870264874 250.0 500.0 10.0
1.1332177531491912 2.9896783832810403 0.0 25.0 20.0
0.977593200322687 0.4908666474551442 250.0 250.0 5.0
-3.500497106077666 3.499803392612659 250.0 250.0 5.0
-4.811940590605428 1.8967420316014407 100.0 100.0 10.0
-1.170189585400351 0.5519062997133704 25.0 25.0 20.0
3.56086410994034 -2.3875591542875583 250.0 250.0 10.0
1.5658654284994338 1.651258841429664 25.0 25.0 20.0
1.231993030682501 1.4415160755380665 100.0 200.0 20.0
0.0368430899731455 1.54427302916487 500.0 500.0 20.0
-1.5177243832505294 -4.61676380472889 25.0 25.0 10.0
3.981998614813179 -4.970706772093344 25.0 25.0 5.0
0.7688658862174469 3.528888739726634 50.0 50.0 20.0
-4.3914230299824695 1.2841142524074245 0.0 25.0 5.0
-0.6103426470316755 2.728713203314273 500.0 500.0 5.0
1.505312451753145 3.343032705157308 50.0 50.0 20.0
-2.649054617424329 -0.0877235304659329 500.0 500.0 5.0
-0.7681683141319615 -1.143750900156424 25.0 25.0 10.0
-2.491349614816233 -1.5548973291251391 50.0 50.0 10.0
1.904272728485605 0.7644298575813027 50.0 100.0 5.0
2.5534103692143866 -1.5956280505554332 250.0 500.0 20.0
-3.402567614579095 -0.9787563351289394 250.0 500.0 10.0
-1.0901396423143908 -1.843502887515124 100.0 200.0 10.0
4.883754502458103 -3.003316260739922 0.0 25.0 10.0
-0.8795918404471461 -2.8806059312899244 25.0 50.0 10.0
-3.670529176311743 -1.3060116690057324 250.0 500.0 10.0
-0.2161803979861609 2.092256455232839 50.0 50.0 5.0
-1.7317909674082466 -4.587026832694069 100.0 200.0 5.0
4.618925174879276 2.0356480313366685 0.0 25.0 10.0
-2.327622587603788 2.9925869010258355 500.0 500.0 5.0
4.72376290658454 -1.315275335531827 0.0 25.0 10.0
3.442642305016104 3.265502301589008 100.0 200.0 5.0
0.6004672622757345 2.8783992611914293 50.0 50.0 20.0
-0.0641931634705983 -4.142442397115803 25.0 25.0 5.0
3.0162168718886697 -1.0127397981210615 50.0 50.0 10.0
-4.948592986008284 -1.0351427557565254 25.0 50.0 10.0
2.270556019554718 2.323059388596218 500.0 500.0 10.0
-1.3026644758116133 0.2413478346322373 0.0 25.0 20.0
