nan nan nan
40.0 60.0 1500.0 40.0
4.511858216933621 -1.7359961056649418 100.0 200.0 5.0
6.2036536734803285 4.142911210768768 25.0 25.0 20.0
9.19852563595779 3.824539137664795 0.0 25.0 5.0
9.87849162067258 -9.640645448575755 25.0 50.0 10.0
-1.427758151949627 0.4235437012014191 100.0 200.0 10.0
-5.115303573826662 1.3385781938169004 25.0 50.0 20.0
-1.629179553685958 -9.463364427998629 250.0 500.0 10.0
4.471297286250573 -2.117367246521864 25.0 50.0 10.0
-0.9153025688387012 -5.748072867149244 0.0 25.0 5.0
-5.767195185486525 -6.623989273239188 250.0 500.0 5.0
1.9827985964130617 8.206808790547175 25.0 25.0 5.0
4.122017552979592 7.913474394000556 25.0 25.0 5.0
1.038064596053916 -2.886149524770376 25.0 25.0 20.0
-5.1609542576438505 5.056056855602479 100.0 100.0 10.0
-1.0442409486326163 9.203933415782805 100.0 200.0 20.0
9.299688328336224 5.043360117226715 250.0 500.0 5.0
0.5076881129126178 -8.085252381363773 500.0 500.0 5.0
4.88627124103324 -6.709720122806866 25.0 50.0 10.0
-8.624551954619282 9.152771776321153 500.0 500.0 20.0
7.184090225923498 7.996276014895447 250.0 500.0 20.0
-4.294164342708584 6.456869095954826 0.0 25.0 10.0
0.9065667104549552 -4.304681715666523 0.0 25.0 10.0
-9.418461111373595 -4.608385269066206 500.0 500.0 20.0
-1.2877440386214918 8.574634109169175 100.0 100.0 10.0
0.6102365669071403 -6.501512737075588 50.0 100.0 10.0
-6.383178469610387 2.390372039172737 500.0 500.0 5.0
0.8352331384753509 1.133047815047819 0.0 25.0 5.0
5.703105855404955 -1.1916765893163532 250.0 250.0 20.0
1.170747699729212 1.5162253852675391 0.0 25.0 20.0
-1.1675748288348728 0.9978105555465592 50.0 100.0 5.0
-9.435010159403978 -4.672155353135958 100.0 100.0 20.0
8.060203844338435 -3.6931205182131226 250.0 250.0 10.0
4.094141774005976 6.170510781690869 25.0 25.0 20.0
3.459088058734171 4.846910585892406 250.0 500.0 5.0
1.1903755383574648 -1.7680185163794526 0.0 25.0 10.0
1.0526442800456586 -2.1852157231154017 0.0 25.0 20.0
8.207025193773433 -7.525846636138011 25.0 25.0 10.0
-3.437210272699584 -5.619285076965841 50.0 50.0 10.0
3.5240444382669374 -7.323220366475949 250.0 500.0 20.0
2.6740589393332126 -9.030111637723149 0.0 25.0 5.0
8.39687418397537 -2.3359472973936874 250.0 500.0 10.0
-4.482152147993461 1.7660192184048498 25.0 50.0 20.0
-8.248161252335839 1.0421722960820468 500.0 500.0 5.0
1.079750948388341 -5.735040163177592 100.0 100.0 20.0
2.131204285367792 4.776023636546082 50.0 50.0 5.0
-2.7668836426773677 8.706481105254728 250.0 500.0 10.0
4.991017678334035 -2.0669046161991105 0.0 25.0 20.0
-7.898046612922418 -4.7876455599985945 50.0 50.0 20.0
8.55485666891867 -3.0772472088547413 500.0 500.0 5.0
4.456304703519606 7.458855352134901 500.0 500.0 10.0
6.4266096026082025 8.559004858447206 50.0 50.0 20.0
-3.156784595676065 -3.2881837648922545 500.0 500.0 10.0
-9.834584276170604 2.274876322405536 0.0 25.0 20.0
-2.8435737511569954 -4.947644506308584 500.0 500.0 20.0
-9.974111296940029 2.816518942744924 0.0 25.0 5.0
9.347907350900597 1.6214000758861573 100.0 200.0 20.0
7.066747637376682 -0.2548153033336859 0.0 25.0 5.0
-1.0156319122049684 -9.28886178652052 100.0 200.0 10.0
4.830979841082872 -4.924817325689526 25.0 25.0 10.0
4.351857595628344 5.531517197718411 0.0 25.0 20.0
-6.199334519995398 -4.624048622735188 100.0 100.0 5.0
8.811588475000882 6.4799142040881215 500.0 500.0 5.0
6.829582554644553 -0.3336378966047739 250.0 250.0 5.0
-4.889891641010465 7.742110340858037 50.0 100.0 20.0
8.756720646655111 -0.5706120487462805 250.0 250.0 5.0
7.346936917276167 1.0526835674243031 0.0 25.0 5.0
8.403827447249434 -7.924742147366151 50.0 50.0 20.0
-8.697196769854278 -9.557048001785835 0.0 25.0 10.0
6.160115736953873 -5.818778923183605 250.0 500.0 20.0
8.831601553255407 6.804594414052044 250.0 250.0 5.0
-4.642749486016193 5.836049512692776 0.0 25.0 20.0
7.019193105325428 -3.902935553419925 25.0 25.0 20.0
0.6377461758203964 2.417399447018287 0.0 25.0 5.0
7.812179499244877 0.0269319631554569 25.0 25.0 10.0
1.5198977726071463 -4.869838811936036 100.0 100.0 20.0
8.819770531360096 -6.972729050962081 50.0 100.0 10.0
-5.637634342880757 6.633920190070125 50.0 50.0 20.0
-9.008126113409954 4.36522428504588 25.0 50.0 10.0
-9.068448293972253 -6.912347187636058 500.0 500.0 10.0
-6.123470376852422 -0.7941345374473485 100.0 200.0 20.0
-3.225125930752175 8.93978468988088 100.0 200.0 5.0
4.159814759337046 -2.539518177451628 50.0 100.0 5.0
-2.396915864477327 -4.208263511919936 250.0 250.0 10.0
8.191347531729612 -5.752587079304274 25.0 50.0 10.0
6.884734608183358 1.6630774194011888 250.0 250.0 20.0
4.198505769339072 -9.206444656928348 50.0 100.0 20.0
-7.144065518379268 1.9864191918685048 0.0 25.0 20.0
-5.107503447308314 9.604671299813443 500.0 500.0 5.0
8.148512180373473 -1.339830872138272 50.0 100.0 5.0
6.16939443363357 -7.267378886953515 500.0 500.0 20.0
-9.760289716595391 -1.5127312838398908 25.0 50.0 5.0
2.609275102967846 6.967639491953477 100.0 100.0 5.0
5.926540397039531 -2.6719533829192628 250.0 500.0 20.0
-4.523430022596275 4.7837925496745335 100.0 200.0 5.0
-1.972082126152383 1.2953050822483103 25.0 50.0 10.0
3.9247672518053314 -5.134270952601354 100.0 100.0 5.0
-2.4822901416763905 1.3197680637594082 100.0 200.0 20.0
-4.891416750905407 1.044855518767001 500.0 500.0 5.0
9.2918114392677 2.414017573870705 250.0 500.0 10.0
-6.093272323354888 -6.526936189878612 0.0 25.0 10.0
4.772383836755299 -6.036961029618064 0.0 25.0 10.0
-2.0416066729561315 0.8621277257079303 0.0 25.0 20.0
-0.4476271691375046 -7.630494247843423 0.0 25.0 10.0
-1.28341197939519 -2.3830977692473727 100.0 100.0 10.0
-0.7165617692056045 -7.618080079408884 100.0 200.0 5.0
-5.7785602254540125 4.690444136693087 100.0 100.0 5.0
2.010413634663548 8.433746985137724 250.0 250.0 20.0
4.296594337318837 7.989183698169416 500.0 500.0 10.0
-9.844572870445925 -7.678347122993932 25.0 25.0 5.0
3.8718380101521888 3.156268281232828 250.0 250.0 20.0
-9.645197668869647 -1.449013233467635 100.0 100.0 20.0
-4.8649382349442245 0.561204403131093 250.0 500.0 10.0
4.351871753530299 -6.323383398693519 100.0 100.0 20.0
4.216700326403885 9.323926604698354 0.0 25.0 10.0
-0.8511821145113281 -9.03274296079152 500.0 500.0 10.0
-6.890238519714169 4.2014121541394704 25.0 25.0 20.0
9.620677092674224 -3.278594018823007 100.0 100.0 10.0
2.528582706011018 4.1649698942248055 25.0 25.0 10.0
-8.205374850546793 -0.4369835861494824 100.0 100.0 10.0
6.409427562734589 -3.5036692746525238 50.0 50.0 5.0
9.997669834308326 -0.954965480946349 25.0 50.0 10.0
3.7560566904172994 5.230657456634534 0.0 25.0 10.0
6.075879077880362 -5.111083097810559 250.0 250.0 5.0
-1.4666080324383142 7.774607627040215 100.0 200.0 5.0
3.8882654785016406 3.188265794125284 50.0 100.0 5.0
3.3124040655781624 8.527567773670771 100.0 200.0 5.0
7.278453140991129 -9.095304176308384 250.0 500.0 10.0
7.369342985304467 3.334187235839355 50.0 100.0 20.0
-5.27274325671131 4.984065403927955 50.0 100.0 20.0
-5.057560121618929 -6.4036651105162985 100.0 200.0 20.0
-1.110710601033297 -2.578807561328336 50.0 50.0 20.0
4.349207636621442 -6.127392652520096 250.0 250.0 10.0
4.216730263277878 -7.398818120805686 100.0 200.0 10.0
3.667457674232102 1.793507103101815 250.0 250.0 10.0
0.8733772424625723 8.245489754864188 250.0 250.0 10.0
3.683164111311639 4.120423771519359 250.0 500.0 10.0
-1.857895421896444 6.290849270388936 0.0 25.0 20.0
-6.1916993189009055 -2.223465924635337 100.0 200.0 10.0
5.528856477704361 -4.970819237603781 25.0 50.0 5.0
-8.328229308446835 9.677756560479889 0.0 25.0 10.0
-5.233702989685973 8.836616621336002 100.0 200.0 5.0
2.086559089022975 4.191875346771223 25.0 50.0 10.0
0.920244309130556 -3.180240157781471 25.0 50.0 20.0
6.096228891742797 -7.946035421053901 0.0 25.0 5.0
5.802012727172878 -3.292696415118712 100.0 200.0 5.0
5.8038899978301846 -0.4337627302103168 50.0 100.0 10.0
-8.110211843266894 -4.68486020496941 250.0 500.0 20.0
-4.313236023375559 1.9104417070958528 500.0 500.0 10.0
-0.0378396922895589 1.9130766671588368 25.0 50.0 10.0
-3.900534453524149 9.400932544175715 25.0 50.0 5.0
8.64694237094492 5.821293447617935 25.0 50.0 5.0
9.66913582171674 0.506540490116997 50.0 100.0 5.0
-0.9116084201488092 -5.435343915759729 250.0 250.0 5.0
6.285541922448729 0.4693654845431521 500.0 500.0 5.0
-7.064028919751555 -6.0869800143865245 0.0 25.0 20.0
7.389272516447555 9.34861980624293 50.0 100.0 10.0
-3.142234719417772 -3.864356752611209 0.0 25.0 5.0
5.261157446876549 8.317642871175398 500.0 500.0 5.0
-8.218322381459853 7.797836757740917 50.0 100.0 10.0
-1.9839719489001129 -1.9577821054885085 250.0 500.0 10.0
-9.932459649384269 -6.572024417559625 100.0 100.0 5.0
6.003953029809253 7.968309042973136 25.0 25.0 20.0
8.813253826728406 -3.617004193517863 500.0 500.0 5.0
0.3220663227433924 0.347350295212415 25.0 25.0 20.0
-7.501912610348757 3.240504659998632 0.0 25.0 5.0
-0.8598815770528283 -2.17279372438048 50.0 100.0 10.0
3.1662604044356577 3.045625274180182 50.0 50.0 10.0
-7.457128688860132 8.436932852034829 0.0 25.0 10.0
1.3539315342712772 -2.259297446173432 25.0 25.0 20.0
1.5924650148722392 6.793460295951338 100.0 100.0 20.0
5.9627265398874645 5.105996727659143 250.0 500.0 10.0
2.3138796993324444 -4.641671863212789 50.0 100.0 5.0
6.282915880622543 0.5394873377268787 0.0 25.0 5.0
-9.693381238717114 -5.427410110545203 250.0 250.0 5.0
4.369381483975568 9.00391497409387 25.0 50.0 20.0
6.685738472115848 -4.301980083950346 0.0 25.0 10.0
-9.026508736664326 3.469180982944245 100.0 200.0 5.0
-8.944654679826794 -4.807256865916639 50.0 50.0 20.0
3.234003316345257 -8.821762330301556 25.0 25.0 10.0
-7.78230788825226 -5.550588959601441 100.0 200.0 10.0
-2.669867460304916 -5.935413903967046 250.0 500.0 5.0
-7.67900616810028 -6.275942868846225 250.0 250.0 5.0
-5.700101834459384 -5.350486454637398 250.0 500.0 10.0
5.1490879170069785 -5.916254796761484 50.0 50.0 20.0
2.226878547838272 3.7471899908517408 250.0 250.0 10.0
-5.743931268132756 6.201144958610602 50.0 50.0 20.0
2.998502581638567 -8.694248084776952 250.0 250.0 5.0
1.64901211158584 9.82415540046208 250.0 250.0 5.0
-3.161004112003745 6.712496243697416 100.0 200.0 20.0
2.7219270626365155 -7.25129715688654 0.0 25.0 20.0
2.820111594569193 -0.1086877077012093 100.0 200.0 10.0
8.144047354084655 3.122836557739957 25.0 50.0 5.0
-1.4472300459578324 -0.4795250601077683 100.0 200.0 10.0
-1.5944018437903118 -6.089751273182071 0.0 25.0 5.0
7.26272962690166 9.698921710782727 0.0 25.0 20.0
1.7241565669920256 3.341343666546159 500.0 500.0 20.0
5.453419490057721 -8.61085512614161 100.0 100.0 5.0
-8.985268204030207 0.1799804569327072 50.0 50.0 5.0
9.35905007254864 -0.0351836722776166 250.0 500.0 10.0
0.6266926376158022 7.634014683860077 250.0 250.0 20.0
