1 1 60
0.666666667 1 1500 40 30
2.3204275374195547 -2.9399633417710302 100 125 10
-3.4498219741769667 -2.4156702379501125 50 75 5
-4.369662349126018 4.912536359228183 50 75 20
-1.2286292405067163 -2.757077866126461 0 50 20
-0.6033359795956992 -2.5405979787311086 0 50 20
0.4002036965530955 1.7129361959684104 100 125 20
1.9704828718851344 -2.986979326833596 525 625 5
3.160148358417649 1.2084853841418752 100 125 20
-3.3280975173057925 4.293452029531375 50 125 20
-2.5653007028926176 0.8434415060099587 525 625 5
