1 1 60
0.666666667 1 1500 40 30
2.3231151395973164 1.9737047836074968 175 350 5
-4.556140624961309 -2.602633870635072 25 75 5
3.58996580616418 -4.962452574175864 350 350 5
4.347709230744503 2.7455572866263944 175 175 10
2.7346033471308493 1.5113866551751194 0 25 5
-0.7265524181013951 2.1730883136496715 350 350 5
4.169861023091816 -2.0809500709124427 50 150 5
-0.1346642652038774 -2.4470490418675253 50 75 20
-2.1976994312584264 3.758764036409824 175 350 20
0.3646281479199773 3.933251494297801 50 75 20
