1 1 130
0.666666667 1 1500 40 30
4.476025508051633 6.081762520644581 375 375 10
-5.7120972520308015 -6.697574481493716 200 375 5
-3.5965162358960363 2.1577239229746663 200 200 10
8.860644641935469 3.6575514219676855 25 50 5
0.7330511230529453 -6.9362511195250605 0 25 20
-3.4252233365341 8.536552143570397 0 25 5
9.045779821000004 -8.210421372296144 0 25 10
1.7354641110881488 6.623094449145825 200 375 5
-2.653943120090465 1.3811002751303647 0 25 20
-4.832915083801545 -7.821454094945494 0 50 10
6.166751734888148 -4.829227480697353 0 25 10
-5.954446209440598 8.188051511059879 375 375 5
