1 1 40
0.666666667 1 1500 40 30
1.1588700421267029 1.073184266425221 0 25 10
-1.171751661696312 -1.114353377138383 0 25 5
-1.164645252208108 2.393762646316114 175 175 20
1.5975160696152262 0.8701434160545358 0 25 5
-1.9706376531611245 1.7037086936813326 0 25 5
0.7634799056037922 0.6263921136493811 175 350 5
-0.1144475651549674 -1.9465042913773736 175 350 10
-1.772519583486218 2.4320100540872494 75 150 5
-2.22924780167658 2.414069936820657 75 75 20
2.252385148641588 -1.1231841666331366 0 25 10
1.6370402199054075 0.2952834704093305 75 75 20
1.7214541896172175 0.7415459877733759 75 150 20
1.7711221294040955 -1.1688166474557848 350 350 20
-0.2457981509251339 -1.7327431051401638 75 75 5
-1.5660968573414389 1.242316223290414 0 50 5
1.3081580158095123 -0.1494296544497637 0 25 20
0.1441657524349979 -2.164796979795682 25 75 20
0.6454369434682588 0.4499165649937464 0 25 10
-0.3897433925436173 -1.0508606913085727 75 75 10
0.7930202668760633 -1.762068317824157 0 25 10
