1 2 40
40 60 1500 40 30
1.1503598482730366 2.179901943899023 0 25 20
-1.0017424767028822 -2.1889687141495617 0 25 20
0.296532429886478 1.997894070080112 250 250 20
0.6057773786375491 1.7784653329960871 250 250 10
0.7925545533772764 2.20575750198989 250 500 10
-2.3351260790174178 0.8359109043640949 250 250 10
-2.079144646611826 1.8510696321979017 100 100 20
0.3277200187862554 -0.9921303341698676 100 100 5
0.8578249258400956 -0.8927513934591624 100 200 5
-2.0257235246486163 -0.9075819165020632 0 25 5
