7 5 60
40 60 1500 40 30
4.578148132318853 -7.198849311017814 0 25 20
-7.752207769975181 6.197809860663654 25 25 20
-1.130647526961397 6.908146539783473 0 25 20
0.7615089336675886 -7.242310389238029 100 100 10
7.574744346568906 7.039163478795473 25 25 5
-6.241952117126024 6.0223266549938295 25 50 20
-7.377854903494465 6.218691246777322 250 250 5
-3.467411116181525 7.712778810208011 25 25 10
0.3011832556397671 1.0629568345346456 250 500 10
6.504387803587999 9.591320095574517 0 25 10
1.2424857819724764 -3.6765240927492826 50 50 5
6.763474977015143 -4.594493078844096 250 500 20
3.4107843848695456 -8.483212316060886 50 50 20
7.514077660552548 7.613736860794404 50 100 5
-5.872435291449087 -8.719004427653447 250 500 5
3.930397317865646 -6.967073182755108 50 50 5
-7.861122726085547 6.099738616349431 0 25 10
3.9403675299321455 6.548936269896522 500 500 20
-4.256053560451183 -4.965778132374394 25 25 10
4.453012734501192 -2.9696419083238084 50 100 5
-1.9998119127021283 7.103926119284971 0 25 20
-0.4549629850324734 4.5863054566973975 0 25 20
5.020272144219177 2.956624368182288 50 100 20
9.122265378687825 3.308815090073427 100 100 5
-1.6231478798067318 3.468333341211288 100 200 10
1.5715642115971526 8.640498212679063 500 500 20
7.630582424830177 -3.086184617637069 0 25 5
8.918865286303582 -6.49194339894086 25 50 5
3.997053242522181 1.3482684235783733 250 250 5
-1.9910819266319384 2.362297648465532 250 500 20
-8.83173165135087 3.840819187167925 25 25 5
6.2223957760288044 -2.7347363879532782 500 500 10
-5.695715232062293 3.200447359048564 250 250 10
-4.754020310934324 -4.834891514863329 25 25 10
-6.789352444403585 7.834969738651189 50 100 20
1.4110456629361234 0.4993422990271696 100 100 20
-9.282762142830466 5.383701822948927 250 500 5
6.116583681377467 2.2670689916013664 50 100 10
-7.72583679360483 5.764430151794484 25 25 10
-5.148035352147713 9.710847630990637 25 25 5
-2.219685971536558 4.275312424982953 100 200 5
-1.664809991608294 5.748791061691961 25 25 20
-8.339790205469697 -3.6076620268299457 250 500 10
-5.717755584310622 2.297539360900169 0 25 20
2.20476281819659 0.9029663381202724 25 50 20
-6.676825007939566 6.626723811619936 0 25 5
6.191582692772933 -6.983423902619997 100 100 20
-2.4194735141734487 -7.114446137071302 25 50 20
-0.1995543652501634 -5.907658758184626 25 25 10
5.425752451474244 -2.057855874940085 25 25 10
1.8395554575838364 9.625167986167888 250 250 20
0.9292330892521168 5.67621163450363 25 50 10
0.2982211862771482 -7.869688443758243 250 500 10
-8.48048265864324 8.86576922847884 250 500 5
-1.7584236022660529 -9.432701170669729 100 100 10
2.3674230096168536 2.8084376643824864 25 50 5
0.0629606780107305 -7.056216326935889 250 250 10
1.0106126408368077 9.817998300256008 500 500 5
4.1095970731290095 -6.260040481815619 0 25 5
-9.26572627069693 -1.2631807463245153 250 500 20
-7.30281720467608 2.7941519871098066 100 100 10
-3.7764735039559376 8.604773725862493 100 100 5
-4.470979048079045 -2.709780756955289 100 100 20
-9.996812652687952 -9.37472210500796 100 200 10
7.535319052376227 3.4873836265551983 250 500 20
-6.8194915593427226 7.569072578924342 500 500 20
7.148278931428621 -0.1668799908138964 250 250 10
9.006522504143987 -5.243625567790902 100 200 20
6.02860011860902 -1.9002748238958824 50 50 5
-7.228385023793682 -8.241978973399405 500 500 5
6.259029189670319 4.1851956044906125 25 50 10
6.55095067454279 -1.043765761172148 250 500 20
6.020568636521514 5.219035714495398 100 200 20
-7.6846221933945476 -1.894369085781955 100 100 10
-0.2330169933639005 -5.386379169768897 25 25 5
1.923437275140433 1.0350988224181492 0 25 20
3.913216593576026 -8.298254280695494 50 50 5
7.510098154184991 -4.36883208310568 250 500 10
4.053354618148624 -2.399022565065154 500 500 10
0.7878486300823297 3.243503408115771 25 50 10
4.723749185383522 -6.054560396134825 250 500 20
-5.224234481906476 6.653137698092561 100 200 10
7.726936741440493 -3.874346112337488 250 250 20
6.4721837515522616 -7.255922032024873 0 25 10
-9.968028853144055 -2.3229364745612884 250 250 5
3.986600726059175 -0.9810987490213652 50 100 10
-2.733200760749438 7.457863046460055 500 500 20
6.646428998046034 -1.9010257706251568 250 500 5
-6.1816998293147885 6.256758613642635 250 500 20
-8.405772697176662 -0.6500860908487915 0 25 10
-4.444383266107888 -5.528711698192024 500 500 10
5.391040825800221 -8.227081486535413 250 500 5
-3.807595418071657 7.497318874080545 250 250 20
4.141462959608329 -2.6974088440114663 25 50 5
3.3036172736774905 0.4703547678008526 250 500 5
-9.343946197844604 8.651886082316377 50 50 10
5.012465119687059 8.99927391618489 25 25 5
2.166739400257491 -9.155205174887332 250 500 20
-6.63684213684798 -2.4668755220241305 100 100 10
7.11080896347061 -9.422594809580945 50 50 10
