7 5 90
40 60 1500 40 30
6.757037065700999 -12.258666212976683 500 500 20
-6.26924503565375 -3.037778802118627 500 500 20
-8.040724018212494 5.23676369505532 50 50 5
2.512383247980772 13.528490620078497 50 50 5
4.506605465169365 4.427377016177218 100 200 10
-13.165931200145256 10.167259565058366 50 50 10
-11.241281786344054 -7.819163367659328 25 25 20
-0.113804023172868 11.446087728324478 50 100 5
4.105454249587321 -6.483357626260883 0 25 5
9.629491520496607 7.704776733036294 50 50 20
-1.7706156273960758 -3.600597516738661 250 250 10
-8.839912978070604 -12.047415184474405 500 500 20
-2.8817225190504487 -5.0432143343425615 500 500 10
8.851806620443618 -0.9387819498596226 50 100 5
9.757129491151744 3.7393497936594393 25 25 5
9.955363310108943 -12.379213581571769 100 200 10
2.9294473439016397 13.139419762211135 50 100 10
-11.165851766550992 -1.674092224988076 500 500 10
9.057469625773546 13.586219727263604 500 500 20
-11.483690029432184 -9.74084282061684 50 50 5
-12.488979799667266 13.634429314564455 250 250 10
13.74280082711283 9.93903369361372 0 25 5
-2.6853247393154724 14.56336612917093 100 200 20
-2.8089144353259403 -2.5003482735409115 100 100 20
-13.317068967200806 1.6039724212592965 100 200 5
-1.9458070702069303 9.869321647778794 0 25 5
12.313063494019076 -10.5892013722883 100 200 20
9.65480609573353 2.315230553544776 25 50 10
-1.1346306522607392 -13.103830978872235 50 100 20
-9.725929191434751 -2.778606506702525 25 25 5
-13.439533568859371 -5.956282508123785 25 50 10
-11.125184659943416 6.467067041340325 100 200 5
-7.67664803881941 0.8184789183513601 250 500 5
4.898865732792956 11.272819886931032 0 25 20
-2.5961020866924063 -4.209268472875596 25 50 20
8.818144852080874 10.881436902058375 500 500 20
11.903475903134296 -0.4092370423383595 0 25 5
-12.380754787939642 8.940852926684887 0 25 5
-5.862601311354826 -4.188232720277327 25 50 20
6.9011576085800215 -6.043701234985528 500 500 5
10.26286149895934 -0.5219630390686429 500 500 20
-11.234148438772024 7.678850044729746 250 500 10
7.102076342194568 0.695663961672599 500 500 20
-7.818616437897409 12.797562103310558 250 500 20
-11.40971683099438 8.602909707976785 100 200 5
-10.00276706648771 -1.1976150938603372 25 25 5
13.778326797511902 8.237456554923 500 500 5
4.291540174601423 -7.614959957080087 25 25 5
11.819486828948753 10.437709208402143 500 500 5
-0.7700481540777666 6.245046878069022 250 250 10
-13.129752551899262 -7.604654022721695 0 25 10
-11.884260951159575 -2.3319069108561123 25 50 10
-6.665304544561678 13.976297935038383 25 25 10
8.810894666381405 5.743925269572262 100 200 20
-10.617764563327048 -7.572645254618652 50 100 5
-10.792113966346394 13.590958629539788 25 25 10
14.168303040577236 5.585571878075747 0 25 5
11.9317554639633 -10.5452156229633 0 25 20
1.6877748820341942 -8.792324936189516 0 25 10
-5.0477410666803575 -1.9522331161278164 100 200 5
-8.309247758633823 -2.4633487570003307 100 100 5
2.2857172445335863 10.996921065083924 500 500 20
5.59041104193707 -12.27729892985342 500 500 20
6.466284949276432 12.767246653848895 500 500 10
2.7926053353622926 8.215758098464335 100 200 10
1.9663129139234488 -14.07228148249769 0 25 10
10.376911188384693 8.746746800631826 250 500 5
-3.754506509222983 -2.87288382122412 250 500 10
-13.441202469801429 -10.9852228256923 50 50 10
12.608481391335744 12.646876712195244 50 100 10
5.862614654076168 14.697455911390623 100 200 10
6.5506669297460896 9.898163790996804 25 25 10
11.43508089710837 12.901508973922152 500 500 20
-5.228195208613231 -1.2696618279092196 50 50 10
7.428967803163115 14.670897120242302 500 500 5
13.537169406786944 -6.081984534609122 250 500 20
11.886653787554504 -10.330388598815295 100 100 10
10.565936733067335 -12.306100172201411 50 50 20
-1.946748697608076 -14.34365485441181 500 500 10
-7.873527759715548 8.694586357202493 500 500 5
-0.4510200202062062 2.8682193966280884 0 25 10
4.518217081757452 1.1865085333225949 0 25 5
-7.669512153791275 0.93075317734338 500 500 20
-13.380141272236974 -14.060772272409006 25 25 10
13.870792861511394 -6.588733053748729 250 500 10
-12.316527099222869 11.613249399043422 250 500 10
-2.512455135540886 12.63290816273386 100 100 10
-7.945676684833568 13.029552493094236 500 500 10
7.249289342390529 4.866482182187667 500 500 5
9.996010753373998 0.1880191188610638 25 50 5
6.389418578120239 -6.482721481792012 25 50 10
-8.699346712363594 -10.598045625327064 100 100 5
9.65750835571717 -14.575919614335556 100 200 5
-4.136208809066492 -4.584116379054517 0 25 5
7.537709461348967 2.8875437621436824 100 200 10
12.903699016760282 -9.126188517878337 50 100 5
-12.23609822787082 1.5451376814117204 100 100 20
-1.9952049613392209 -12.994869005551376 50 50 20
-2.938717372158889 11.709819255878948 100 200 20
14.664834775944456 6.895378580677452 0 25 10
