1 2 30
40 60 1500 40 30
2.215617310974574 -4.573019635487161 0 25 10
-0.3033928054482429 4.8759093506007005 0 25 10
-4.795159064339243 0.0371026758234203 100 100 5
1.294167698486718 2.640149090349623 500 500 5
-0.7829686788498238 -0.5679972109578717 50 50 20
4.343688591799509 3.7670097158753286 100 100 20
-3.805260256803856 1.6778785001485632 0 25 10
1.6578363583204636 3.774335747112312 100 100 10
2.586377722893385 -4.853716685762965 0 25 5
3.1674671118704048 0.3408577742369356 0 25 20
-1.8016534582619004 -0.5621364471294115 25 50 10
0.7249871927786931 4.265636267427501 100 200 5
