2 2 30
40 60 1500 40 30
4.429443284528272 -5.755151354560009 100 200 20
6.797427021641894 3.209794356983636 100 200 5
-8.23007013286421 -0.0091355580992775 250 250 10
5.537442884123806 -5.054792020477066 50 50 10
9.542103389172546 9.496015822146774 25 50 10
2.771881061353195 -6.1060817813547 50 50 5
-9.076772515071092 9.418404361698506 500 500 10
-7.821118867611389 9.98569444489756 250 500 20
-8.914176313554915 -9.350974610103824 500 500 10
4.381648124516932 -1.3781579757335043 100 100 20
5.605890904312725 6.223925396487079 100 200 20
8.946151018622444 4.54500155462074 25 25 5
