1 1 30
40 60 1500 40 30
1.1082566388541175 1.8657682031528404 250 250 20
-2.00274948635291 -0.9265392386452072 25 25 10
2.262358543382615 0.0393864908424341 50 100 20
-0.0901930225442337 -1.096152904531111 50 100 10
1.8315055483628464 2.057998833505436 50 50 20
-1.3492817480445962 0.293530161214004 0 25 20
-1.536067202541889 -0.6767225157702579 100 100 10
-1.3868839247766895 1.2779120613821169 0 25 20
-0.1850781242120796 2.4840269667629897 50 50 5
2.0720550807411726 0.6853971191587007 250 250 5
1.796873815659918 -2.1181177217453757 0 25 20
-1.5115506363827236 -1.8706140467218784 250 500 10
