2 2 30
40 60 1500 40 30
1.110496183159242 -2.372841692365053 500 500 10
-1.2580150535084644 2.250991042615392 50 100 5
0.5620486976263828 0.1435624790134699 250 500 20
1.2234223950003842 1.8227097724334724 50 50 5
-2.053545012698363 -1.2320140460785134 500 500 20
1.0450881812452644 2.343656826607313 50 50 10
0.2967478737931412 1.74496858050124 500 500 5
-2.46589436995549 -1.768366701464856 500 500 20
2.4235869474940586 2.038453663996965 500 500 5
-0.4863374442405899 -1.7397613481111065 500 500 10
0.2853767631316768 -1.3033654361661406 25 50 10
-0.8817716512314617 -1.8877750979116348 50 50 10
