1 1 30
40 60 1500 40 30
1.109600290931386 -0.6773978086637018 50 100 20
2.4440911882549186 -1.0200210549876858 250 250 20
1.242172621027715 0.1018920986462168 25 50 10
-2.3020237869186246 1.6551646718453163 100 100 10
-1.4995247882738787 -0.9160089240472562 100 100 20
-1.912659730866035 0.5236062200546341 50 100 10
-0.4363780524327425 -0.2237078133038754 500 500 20
1.9657098379183529 -0.5498552261283889 50 50 20
0.3801209188116035 2.216682970202214 0 25 10
-1.46298049385253 2.2303020387968164 0 25 20
-0.1100244009558659 2.370733634701004 0 25 5
-2.133683260193128 1.1190893374654287 50 50 20
