12 10 300
40 60 1500 40 30
9.063131817590984 1.928473627555192 25 25 5
9.51463300739502 -7.789643197764441 100 100 20
-11.528402847859144 9.482574117419064 250 500 20
-5.123385052241694 8.090691740587989 500 500 10
-7.232406774622984 6.942860840934614 250 500 20
-0.0896960345239072 -17.240614539862534 0 25 5
-11.00081447913112 7.695034557590393 100 200 5
13.952011214191424 -17.84924238808051 0 25 5
-11.918099875649366 -19.338236101399087 250 250 5
-8.5620973801406 -7.93076757042698 50 50 10
1.363249306747658 14.753257568870303 250 500 5
3.328145006202817 -16.475086070566466 0 25 5
-11.648199775422263 16.845663711753502 50 50 20
18.83621834567637 -18.63737414324406 500 500 20
-13.607948433289394 15.318552567045984 250 500 20
13.24466261570759 -6.784348278621861 50 50 5
-16.933646676841153 -8.817267258820095 100 100 10
-12.411508469839 -14.184563358808337 500 500 10
-17.89486162081429 8.829648577384027 500 500 10
15.987539539631117 -14.311507404781947 0 25 20
3.586691275636369 -11.56639016114482 0 25 20
6.408980628998467 -8.72823566569117 100 100 20
9.20773028935885 -7.961899701371236 50 100 20
-9.358725124958568 -6.522299766523116 50 50 5
-6.59397152735564 -14.64257610022325 50 100 20
9.260786954979352 11.740278479342958 0 25 20
11.116350103576458 7.324930609272293 100 100 10
-12.627661172772664 -17.426754904342832 250 250 5
2.940920139591782 9.419071390429467 500 500 5
6.904926768146751 -12.328196826479946 25 25 20
8.515712960908086 -3.2014603835582958 100 100 20
-8.756126371254616 -1.4109857203886378 250 500 5
8.853774121820493 -6.722259100653254 50 100 5
-12.01934784244768 5.018155283353032 500 500 20
8.4468587143127 2.1738477628721498 500 500 10
5.561635650483726 3.712278165269488 0 25 10
17.906608704657366 -14.943312608023248 50 50 5
9.61702458892319 15.072235418981265 25 50 5
7.926537648268223 10.43270309231132 250 500 20
14.751196884159237 -15.565598378228724 500 500 10
-4.653936081058863 14.394260044155594 25 25 10
17.57573664789141 -4.910637571166681 50 50 20
-7.902155533530696 -14.73447563885085 50 50 5
6.766389404970813 -9.937195751648924 0 25 20
-2.180340522510136 -5.723824392439486 50 50 5
15.925186449134245 9.689863037518588 50 100 10
-13.087898556336874 -15.705794075706889 500 500 5
-4.970995562685502 2.0141788876955857 100 200 20
10.82330679308956 -1.3509558383229248 100 200 20
6.2457948766589695 -6.957090823632708 25 25 20
-13.658002403842689 -17.923730803895207 250 250 5
19.89973857297978 13.888949040264798 50 100 5
-9.319932968623048 15.815146358210882 50 100 10
-3.633417953490572 -8.168394311172232 250 500 5
14.125970459954964 18.8902586002351 500 500 20
-10.319608387824468 -17.67301544891433 250 250 10
11.050162053150526 -2.3915446965904934 250 500 5
18.632989580849355 8.999328112697892 50 50 5
-19.95615968871695 15.302394823356783 100 100 10
-18.852686654823515 -11.355434861794208 500 500 20
13.972233179715095 -15.64808589484603 500 500 10
17.70595077958496 -11.722687374646808 250 250 10
-9.276304064555331 -7.485522673832818 100 100 5
19.61610195679932 -8.747409131262733 25 25 20
-14.564148940484758 5.595962230285725 100 100 20
-12.10778624407839 -0.5065098946554301 250 500 10
14.98003164597182 -1.506971934965815 500 500 20
-1.462452204779371 -11.143952966928545 250 250 10
15.485276338034552 16.63830977809924 100 200 5
-19.99408633844733 4.662577721410756 100 100 5
3.6831263153588263 -0.1203006279263547 50 50 20
-1.3751634877717436 14.434716562730458 0 25 20
-17.14553214729493 10.82496056407015 0 25 20
-2.238603912356844 -15.142585362139611 100 200 10
4.159683788885843 -0.3170805304087132 250 250 5
-13.488007796603444 -19.994857921982156 250 500 5
4.13334580340759 7.63249325253858 25 25 20
3.6972865752132833 7.8615498829507615 50 50 10
9.124715906069548 0.7507961824915768 50 100 10
-7.056426636815933 -7.836160348368759 250 250 20
-12.53470470457512 16.531580570792002 500 500 20
14.631816665734805 16.60308327433296 0 25 5
0.1446749842749497 -4.974738734716633 50 50 5
-9.504375066790807 -1.5882383939722509 0 25 20
-9.224065605271106 -3.3682322358037986 0 25 20
-13.350607515151406 -1.630251625295994 0 25 10
5.631842022976169 -1.4225193243436929 250 250 10
10.82787184056578 -15.73999076138815 100 200 10
4.533114211070615 -7.892500734484722 25 25 20
-10.381580729751397 -5.194746131056549 25 25 20
-6.630040398193193 -7.5755052661820255 100 200 5
1.467167437223857 -18.883204227230948 0 25 5
19.038188857821915 -16.59460910378843 100 100 20
11.24037379710508 12.686871143782112 0 25 10
17.57111632693413 -10.872873983458922 50 100 20
2.1221917741204663 -15.04434076327799 100 200 20
-3.75148256037992 -5.767244353647406 0 25 20
10.630123806957364 15.484269560119166 500 500 10
0.463883123780235 5.169125481621695 100 200 10
-19.470604760407465 5.76492497218598 50 100 5
6.131226976067641 -5.6726160728054165 50 100 10
1.4275048708892335 15.699609848800392 250 250 10
8.412695117602532 -0.8824255938813792 50 100 5
-12.169799026803396 -12.22158073706042 25 50 5
-12.45177834165046 18.008561309119038 50 100 10
-15.559862300337164 7.988874470208668 500 500 10
2.568490724839254 -4.4354653122066665 500 500 10
13.479449067591789 -19.512568002851527 250 500 20
-6.327555898791012 -1.4906485389180872 100 100 10
-10.182495323725512 3.064462653826542 50 50 5
4.050593352082021 14.849950191959536 0 25 20
-0.3149076067476919 -19.566071338534968 25 25 5
-18.06461826425229 18.090113595183468 250 500 10
8.75626921965491 -17.620976406295984 500 500 10
13.659846133488344 -11.43420473055965 0 25 10
-4.6208520796884365 -16.214985054840444 100 100 20
8.505829965956416 -6.06671309910972 500 500 10
-5.263149801533835 -6.409453424705514 250 500 20
-13.877002379528625 0.8414743199351591 25 25 20
-10.280108085368092 -10.311352304204693 250 250 10
7.299899870023339 19.81940829228489 500 500 20
-5.708758439771176 6.808697602846237 50 100 5
-1.1316624704025422 -4.589523724902103 500 500 10
5.125304670541489 14.410599677027918 100 100 5
13.522279685140631 -16.415608815496828 250 250 5
-12.697913585500608 -8.37759121416305 500 500 5
-4.667421325610736 8.458271782374677 100 200 20
-10.162225981041972 16.252671273995098 500 500 5
11.738741433135338 0.3580506962212055 250 500 10
16.833001099749538 -5.09128517798985 250 250 10
2.7989949158011957 -12.7485352874935 50 50 5
10.02003525915778 -8.747846979401487 50 100 10
-11.520093902030164 1.5838785564473137 25 50 10
-11.50985821663336 -0.5771589526381291 100 200 20
4.766802912414697 14.548191136162806 25 50 10
1.382374038256561 19.662539842747464 0 25 10
9.37624619546293 19.82006980178172 500 500 5
-0.6849658416220237 -16.830459033085017 25 25 20
7.851799293259248 -1.2102279718063116 500 500 20
-19.658929577292422 3.215493143262563 100 100 10
-19.17564774070142 -10.678204398297405 250 250 20
16.208639116785292 -0.4443116673240297 50 100 10
3.2182446105855824 10.073611652873645 0 25 5
14.708098764953917 -6.835945993305245 50 100 5
-3.815560896559053 2.404730854552 25 25 20
3.886678539390832 18.324106781450467 50 100 5
2.541997946892998 1.9073490807174949 25 50 20
13.912071742330056 9.107105437897197 50 100 10
6.509105868047559 1.589828507594678 0 25 20
2.366207195023282 -12.73133346318338 0 25 5
