12 10 300
40 60 1500 40 30
9.07029835936738 -11.635078038102067 50 50 20
19.89778307328796 18.378453583060185 100 100 10
-16.969394831116244 9.815937160357088 0 25 5
-16.919815000843176 9.431052545293234 100 200 20
-11.664568570018856 4.41481986468456 50 100 10
-16.427711545540618 -2.6802096874411028 500 500 10
-5.135806473277601 -16.555553695922235 500 500 5
18.499178147247136 12.402665213181308 250 250 20
4.429628353810276 19.23592885291248 250 250 10
-0.748953579291527 0.308725334309635 25 50 5
4.526458619447993 -14.63953499806686 50 50 20
13.343437877896145 -0.5300009575365259 100 200 5
11.31101346468851 17.321656778521607 500 500 20
-12.225940027573332 -12.955462356378607 0 25 20
-1.156943270092846 -17.970413879610835 250 500 10
15.907442368661073 -13.488178808990746 50 100 5
1.6210765401370395 14.337867483031928 500 500 5
19.918664246918127 0.2217780017101809 500 500 20
7.442273340717396 -11.075059166447332 500 500 5
-9.172576881490595 -19.821336772188385 500 500 20
-12.381486533960704 5.800858795720586 50 50 10
18.1536801213782 -19.658939545743618 25 50 5
-18.420515521230666 17.720803978758717 500 500 5
11.226140757993791 3.71923348969656 25 25 20
2.894311315708596 17.786595917171738 100 200 10
-15.82518650313652 -12.448897246670168 250 500 5
-16.257126051984127 15.517446005845642 25 50 10
-13.361092714523398 19.83808087459785 25 50 5
-15.13191112979207 -0.3288156070316077 50 100 20
12.221304733601713 10.522017768845071 25 25 10
-11.95960874863609 16.097238970698385 25 50 20
-13.279132455597347 10.584515137791572 0 25 5
-1.934318446937361 18.902598472756928 100 200 20
-11.826170272242145 -17.650147984755034 50 100 10
-8.63203102286823 3.2120085264329887 100 100 10
-19.26448300616798 -5.727228527861605 50 100 5
18.17798359436449 17.803665748754206 0 25 10
-5.566349456506522 -16.507618275774504 0 25 5
15.358983258794936 -14.098361829289852 100 200 20
12.8244840844391 -0.5665755612716303 25 50 5
16.901030436943614 -7.593711893858996 250 500 5
0.5830170904358596 11.736148880131449 250 500 20
19.1149653546472 -14.156079317217202 0 25 10
-6.941449284089023 15.796056314323003 500 500 20
7.557341948210464 13.3169261054554 0 25 10
19.82681418411536 19.194754205346875 25 25 20
-17.282431778320884 -3.264336991234444 100 200 20
4.269931339347689 -17.696826998939507 25 50 10
-8.501494125934377 -11.386675554755868 250 500 20
-8.784534983769579 -3.661599758853925 0 25 5
-18.478224731324865 15.705043105009906 250 250 10
-15.33420509056668 -7.844630415413277 50 100 5
-14.710980881752532 -11.227509276075835 0 25 5
7.649078815788055 3.054677669471012 0 25 10
-8.769631128100368 6.755207712725792 0 25 5
6.2230425013767245 14.887745242588744 500 500 5
-11.328625371834391 -6.370075181354462 25 25 20
-10.337145675974586 6.740610074819578 0 25 10
3.749636897676453 16.23912805117338 0 25 20
8.864331353901843 -4.52242921801381 250 250 20
-6.687602834524423 1.370097987085671 500 500 20
-15.006271943746654 -12.574054476661086 250 500 20
-6.1736616084890485 -19.634295213248425 25 25 5
10.415353384914678 -9.51679685766052 100 200 5
12.330834815928824 -0.4518221821266692 50 50 10
-6.071724602751193 9.927694661100666 0 25 20
-3.534081997058429 4.737121383913486 500 500 5
12.343355364848344 1.2142549121017012 100 100 10
-9.393806576500513 18.14301303673373 0 25 10
-19.5681387480592 3.035920993999301 50 100 10
-4.868032940041482 15.917444943839342 100 100 5
-18.72308166894371 3.9330048506227726 50 50 10
15.868827359833006 4.641354028473671 0 25 5
9.05903876127363 -14.269212776424457 50 100 10
0.726936359384247 5.0324831735401645 25 25 10
6.306982832208799 -2.912930616538155 50 100 5
10.571275602157163 -18.84666082484776 25 50 20
7.645202341735214 0.4308418435339192 25 25 20
-18.64590022085388 3.4008852664401665 0 25 20
12.069121492808677 5.573313911359005 100 100 10
4.5408493781435055 -16.440781301769064 50 100 20
15.779486405876987 13.27256000404605 50 100 10
-17.139232181628408 10.196495933157731 25 50 20
7.607066348406896 -17.96697729167052 500 500 5
8.413472867834987 2.6873341841197664 100 200 5
19.058916022313014 1.4211371537234925 25 50 5
-19.837253405042507 12.14196109236891 0 25 20
11.017485885123293 -14.8216877903042 250 250 10
-12.151232872126377 -12.476653061414776 50 100 20
-10.876193167010602 7.412528604726006 25 50 10
-0.6499419041556287 -4.766422228827238 0 25 5
-10.123992686876012 15.149799312963792 100 100 10
-1.4736093509267754 10.45071666013623 100 100 20
-10.525583686113531 -19.47325931655346 250 500 10
10.573894559882431 8.497401626003711 25 25 20
-2.5555072832709484 5.905514260729436 250 500 5
-18.07637388347576 14.522432518550636 0 25 5
7.068843696944775 -14.807628619389687 0 25 10
11.714838881774078 19.77659688490644 250 500 20
4.6595658028948925 -5.358929675431154 100 200 20
1.874219630718596 2.763984419590084 100 100 5
9.702180043331037 -3.5775986051423594 500 500 5
2.8323221288403246 -16.44995966592097 50 50 10
7.902387757955292 8.241076878866288 250 250 5
-18.091533272746865 9.507602172063091 250 500 10
9.16691174629942 -17.718764132166132 100 100 20
-8.604661265786454 -19.21782094933878 25 25 10
-7.4503222577272865 6.761807487485942 50 100 20
3.374551453599402 -6.242277079852499 250 500 20
-9.80543535135042 13.382994724623655 25 50 20
8.294408935643673 10.804128470722574 0 25 20
12.3059956061701 -16.054885639386068 100 200 10
-15.658865967408534 -5.41227113775304 250 500 20
5.17860933838395 19.421054897785226 50 50 20
-5.365207069733703 15.226027779774462 0 25 20
4.317262091215589 4.763595440258321 25 50 5
-0.7188108012057661 8.567918599524798 25 50 20
14.67861063524041 12.728839368589682 25 50 10
19.31095227498418 -6.119354824774881 50 100 20
0.0655346962767495 -0.0029909519877335 500 500 20
19.537092525543382 9.224742810507449 500 500 5
13.705628122634586 -1.128141312093284 25 25 5
7.362261214671349 -7.201770873523984 0 25 10
-7.954963473864606 17.839942949614496 50 100 10
14.566961001144492 8.531274747458191 50 100 10
-16.211135553243746 -5.72899532128659 50 50 10
-0.8900263993591437 -15.787386320713562 500 500 20
-3.7805740962892287 -7.459274978691539 25 50 5
-6.027761980534944 -19.571054941179597 100 200 10
10.823568237354056 10.8570864854598 500 500 5
0.075434372517094 18.598569757779337 25 25 10
10.26032969367931 10.071596081602618 25 50 5
10.30653202363926 -13.619482010057917 0 25 5
-11.299816396418606 -12.243372254245717 50 50 5
1.6795388817679855 -11.25958889323809 250 250 20
7.567109045052526 10.830120152504245 50 50 20
-17.334292687230498 2.9543193928944405 100 200 20
8.71474948315905 10.008900148441285 250 250 5
-7.276548320197138 -14.168153172266145 250 500 5
-12.932105790430498 -10.628146690124268 50 100 5
1.0592177729045886 -8.560284348685038 0 25 10
14.76055152706354 -5.685777713676053 500 500 10
-18.349436389012897 -12.39291680920768 50 50 10
18.80185177904751 -8.825741692085307 500 500 10
11.562696347293333 -10.506155585655437 250 500 20
-15.698976758514354 -18.18650570076745 100 100 20
9.589710754408252 18.503179788828376 0 25 20
-14.717284365870778 6.431872428338433 500 500 20
-17.74820601257421 4.819587304892433 50 50 10
15.123893108803806 17.898993639412872 0 25 10
