12 10 300
40 60 1500 40 30
9.052382600972834 -17.72619887395892 500 500 10
13.939907610532394 -7.041789263071054 100 100 5
-3.3669154690199363 8.982529851035249 250 500 20
12.57126046670698 -13.91984887042343 0 25 10
19.41583591847082 -9.265077694690294 50 50 20
4.417328424094052 -19.08122301058757 50 50 20
-19.798327083957844 4.070916937859334 250 250 20
-12.868738887368911 -3.227103491950011 250 500 10
-16.439692219838832 -17.199484128912882 100 200 10
19.71818662056257 19.709992476421647 0 25 20
16.618435039673926 18.842446717299268 500 500 5
8.3052054006396 -0.3927125480184799 100 100 5
13.912980960458029 -3.868326186421882 100 100 20
-14.570543200379404 -7.160241525519012 0 25 10
7.715541735753213 5.252001640984773 500 500 20
-10.749506119652963 -16.728602483068542 0 25 5
-4.765731502308439 -3.549968179505236 500 500 10
19.09323275304854 4.205924600413887 25 25 20
4.0994359368881845 18.68671078917752 0 25 20
-6.272285828686313 -6.046764247741962 100 100 5
7.538958288055202 2.382735211464176 100 100 5
8.79193139042886 -12.33217895154283 50 50 10
-9.349902484873006 13.514044182387394 0 25 5
-0.2360239493871034 18.1154006471706 25 50 10
-0.8263954939287714 -3.286335020385416 250 500 5
6.889747440176389 -11.975958229660575 25 50 20
12.17656344284768 -4.963842187564511 50 100 10
8.472485543806982 -13.324009466823528 100 100 10
10.05016853378368 4.04090218464431 250 250 20
18.93036041601076 13.396480088439631 25 25 20
19.22869463115468 -12.149510905059424 100 100 20
-1.9716172447405145 0.5957623962945959 250 250 5
5.035913272980508 -5.159546354838195 500 500 20
7.690885802244022 -0.979390708554547 25 25 5
14.065193320084092 0.6166066175308949 25 50 10
-17.199186662561946 -2.1284606029409723 100 100 20
17.499547562189576 -4.063779845166206 250 500 5
12.392085061021312 -17.55798433690831 500 500 5
-3.222130469498623 7.229300176689858 0 25 5
-2.3587339162605616 1.9358673963356343 50 100 20
-16.986386156085803 -12.623781750799292 25 25 5
3.0648168781444127 -9.880816354044214 100 100 5
11.57216224013279 4.39792987869868 250 500 10
-12.67185226341621 11.462926745439631 0 25 20
3.213136665478636 5.715049860718175 500 500 10
10.072744846662587 15.43252688182261 100 100 10
-6.796098723360862 5.6320197015380025 25 25 5
-18.832385617712063 -8.419312878398223 50 100 20
19.810509065695136 -6.297375071580609 500 500 20
-11.208710630721432 -11.900326824754428 25 25 5
-6.427669508665863 -8.366892859345775 250 250 20
12.75065496236914 -13.510682968311 0 25 10
-1.2333602048591494 16.37912951161774 500 500 5
-0.5571622133388345 -5.003002282137095 0 25 20
8.469372245991515 -2.907165664547385 250 250 10
4.866415874420184 13.485843513831057 250 500 5
4.618343786674352 -16.423750161537445 500 500 10
2.0881933601549463 12.387405467538592 25 25 5
-15.514854568307063 -6.1027041242984446 25 50 10
-0.4282133698883292 -1.6049436254880298 100 200 5
-15.038012500902411 18.824638282256423 50 50 5
6.774284864582395 9.554362384304934 50 100 20
-13.930266854585094 -9.26236475877908 25 25 20
-6.58277578142016 12.40667216031072 500 500 5
5.093375722918093 14.667638848904318 25 25 20
-1.1618790040924196 3.842183569733649 50 100 10
-17.24879908157569 9.126888384738455 250 500 10
-2.171163261197716 -9.68126448745069 0 25 10
-7.196099588186069 -5.618745407875707 25 25 10
19.36699227597046 7.102562514504712 250 250 20
-3.49013539758716 -4.1769186875516695 100 200 5
-15.353285917990569 -9.81271676317769 0 25 20
13.332929188059625 -19.899629036488683 25 25 20
-19.18506911489545 3.5473554612644307 25 25 20
-10.69119476883854 11.658575403784091 100 200 5
16.819505366108515 14.382251119851844 25 25 5
14.476451105283232 -12.648775929405126 250 500 20
-2.22458737259284 19.007613432192144 100 200 5
-9.219360499591764 -3.224338039477757 100 100 20
-15.74474883125285 12.049627964016366 500 500 10
-18.14803553062984 5.990123081610381 25 25 20
12.910310863428627 -18.401130628143783 0 25 20
6.070536627199665 12.268409859518258 0 25 10
4.8284625123894 2.9798702505983776 0 25 20
4.319625492976865 -12.451581269642702 50 100 5
18.03510688062873 -6.207334793825217 25 25 5
3.835486059073858 18.230760050587406 25 50 10
-9.456549524293704 -17.117444919990852 0 25 10
-10.440364568087457 18.98372775591036 0 25 10
10.360338522183865 -4.105658234730377 500 500 10
4.39981335086658 8.2108701777858 0 25 10
-1.146091482556674 -9.9327086434534 25 50 10
9.8058867669914 -17.162600133861208 0 25 20
-16.110689978067004 0.9270656421925736 25 50 10
8.066948679488451 0.0717126023471372 25 50 20
-10.86126053386209 -6.469122405219455 250 250 20
17.7358538282174 3.7982412321252 250 250 5
15.972044269999472 0.922117723452125 0 25 10
-16.41255170530343 -16.742081623305417 0 25 5
4.334138798592552 -17.54929216231865 50 50 20
-7.4832623039320225 -18.32751770546834 0 25 20
-10.984509079866369 4.615422231691298 0 25 20
16.78325430272261 2.4688752161547853 250 500 20
-2.278078607894976 -2.915566266880809 250 500 5
16.007854353017372 -9.239998495180911 250 500 20
7.349976331684743 -13.449667328205912 500 500 20
-0.671781289222185 -2.26193036639237 25 50 10
4.874105161500726 1.0758687616422655 100 200 10
19.119283072623368 5.636792782367404 100 200 5
9.251914717711852 7.586664845654102 500 500 10
-2.315130619306899 -19.081315736068905 250 250 20
0.7537375738756182 15.167151006811352 500 500 5
18.326753290482078 13.343691886681135 500 500 20
-5.877240064368973 6.815977233628647 25 50 10
2.1974253422749577 8.575445907892739 50 50 10
-18.028022143951578 12.317144500534638 100 200 5
-17.6572088833003 11.981339352938502 500 500 10
4.824208947258349 4.883108577444592 250 500 10
-3.65893346722816 11.282717440953771 250 250 20
14.201427444141425 -5.773893736483675 250 250 20
-11.055889709303177 -4.288593485048935 250 250 10
5.169660822550522 18.713957465371635 100 100 5
6.127452300009843 19.328846401984265 250 500 10
-15.254291622733248 -10.733414039759053 100 200 10
11.955257413111616 -13.835934159929357 25 25 5
-7.428080335862678 -12.350483861384848 0 25 10
-10.333513416964909 4.826758638983819 250 250 10
0.2652952977592449 -8.179409943021394 0 25 5
-1.611502552289558 10.251708854299174 250 500 20
5.8471494992730975 10.98615702881245 25 25 5
-13.115664567295884 0.2308068465740191 0 25 5
9.65959360737547 -16.977011868930873 25 50 5
15.739966613419242 4.388920300274823 25 50 20
8.175080245137416 -3.0778395962731864 500 500 20
-10.602301041615242 -6.740139415782306 25 25 20
-7.8947299620535105 12.911169378112293 25 25 20
9.442054221479848 -14.88130428686414 500 500 5
-14.78453853077041 -17.0894969113048 0 25 20
-9.455678690509725 18.22666012690666 250 250 10
10.250835338461137 3.9809531913660265 100 200 5
-9.527945117040776 -13.855085366785628 500 500 10
-1.6192303927017413 -12.582112895819211 50 100 5
-4.430234188039922 -16.22659535598114 0 25 20
-11.432531352232926 16.148747554864848 0 25 10
-6.88294616629117 -18.228939187113617 25 50 20
13.265160592178953 13.090025206754127 50 50 5
11.97042813957367 17.013602422504718 25 50 5
-3.143894691415131 -6.880046239857553 100 200 5
-17.104926311019774 16.745189715601597 500 500 10
3.229676536213152 -18.67682471312421 500 500 5
