12 10 300
40 60 1500 40 30
2.249658384412463 1.0001096546176322 500 500 5
-0.983429694433574 -0.8256293013545832 50 100 5
-0.6398694946943628 1.6205766827442067 250 250 10
-4.738877537602575 -0.9931382793933564 0 25 10
-1.8357375050034277 -2.5761924441921003 25 25 20
-3.261887767738875 2.928934553016473 250 500 20
4.05352806902358 -3.5124171941525404 0 25 20
3.2568779492305726 -2.5291028488708287 100 100 10
0.2380866638150749 -1.6264310666204649 50 100 20
0.2799013579963834 -0.5215509282641335 0 25 5
3.223591224099541 -0.1779018851389793 500 500 20
-1.7023725607476714 0.004788170133918 25 50 5
-4.570278989046744 3.1404310806753006 25 50 20
4.598911820300595 2.5563559868229984 50 50 20
-1.4167508116771552 -1.2701876512838792 250 500 5
-2.6800877471371565 3.3875319216977413 100 200 20
4.018461241600392 -4.303368642767573 250 500 10
4.154234716871553 4.039591397154476 25 50 5
-1.4822690686498663 -3.0069945379637595 250 500 5
0.6071469814432486 -1.180761817612285 0 25 5
-3.1749263644394365 -1.967908885326266 25 25 10
-4.823328700604792 2.4120254097416582 0 25 10
4.46548385802677 0.2234414963415778 50 100 10
1.3443704821175515 -4.674024321090209 50 50 5
-2.997128980710219 3.373717743712559 0 25 5
-1.2413622354363851 -2.6392852946579524 250 250 10
4.369407981835774 3.398073010028032 100 100 5
-1.5066944732656316 1.7974301752513089 100 100 20
1.399101732116116 4.287514187941245 250 500 5
-0.2356179851789166 -4.495032642147723 250 250 20
-1.801599105391476 -4.222439984071599 500 500 10
-2.012267456007668 2.6573763409741424 50 100 10
-3.5133478918164665 0.6635044925708842 250 250 20
-3.4394861955511447 2.258220429023341 0 25 5
0.539216140200435 -1.7923999263054575 50 100 5
-2.7508238118895134 2.166960941966842 0 25 20
3.8660598664162062 2.583470843268141 100 200 20
-3.4331532936336284 4.822729518934182 25 50 10
-4.741367466559986 -2.1969283023311426 500 500 10
-1.9770966815666635 2.360799514324192 50 100 10
0.3378414632413227 3.071501722560118 250 500 5
2.6275539113059097 1.3170718368455878 0 25 20
-2.7640616268409945 -4.985010633388417 50 100 20
2.534234103604107 -0.3841154903026202 50 100 10
-2.454869646667599 -4.272644867384989 50 100 20
-4.797366387470375 1.036460780777614 100 100 20
-3.834274293573751 -1.9197277040477791 100 100 10
-2.0348341222228337 4.853306923771575 0 25 10
-3.8133706378773 2.2426315944862942 100 200 5
-4.62030894585941 0.8458732924092436 500 500 5
-2.5690009601722164 -0.1456751881032083 0 25 10
4.251308780294149 2.372789694237348 500 500 5
-0.2001249905795843 4.799761915709455 500 500 10
3.706028823831735 2.7059899127944838 0 25 20
-4.9534042589216 2.026428997943106 50 50 10
0.1991347434456987 2.320034283866277 100 200 20
3.1148131135733674 -1.6461940735448213 100 100 20
-0.1589472338525048 -2.6680528336341505 50 50 20
1.6729179074472036 1.7179502843563546 25 50 10
2.9235378166620656 1.7868785860455514 250 250 10
-0.022310673032317 -2.2029352080578315 100 100 20
-1.971010581561168 -1.015097056222478 500 500 20
0.6999796498049173 -4.536643348842761 50 100 20
-4.394291118129393 -0.4557309415019492 25 25 20
-4.154750389028523 -4.99349496153552 100 100 10
3.391914447970977 -3.603587128068626 500 500 5
-4.598236987735426 -4.425952653196657 0 25 5
-1.4286799338455802 -0.5919558205385753 250 250 20
-0.150744655810687 0.7739952616088273 250 500 20
4.043096784049698 4.825621769005238 50 50 10
0.1608894564555587 3.884997455557212 250 500 5
-1.31097496430601 -2.762470252133157 25 25 5
1.4313089662080962 -3.3806442598207145 250 250 20
4.020652112172549 4.249264596547938 0 25 5
-1.2363970383767242 -2.115787125382642 25 25 5
2.089268241951916 -3.4330510667561533 100 100 5
-3.452005745346256 1.486219838242306 100 200 10
2.041510424070915 -1.3155176524350685 25 25 5
4.765064666048648 4.224998308715342 100 100 20
-4.796589801847745 -2.1303574695028877 50 100 20
-1.5536727132490813 -1.6792912400860427 250 500 20
1.075695910009273 1.6444492198100669 500 500 20
-1.075038491520969 4.621038207673184 250 250 5
-0.8768376959506057 -3.5448969296603448 50 100 10
-1.990479455922598 -4.467081609709301 500 500 10
3.7409195658707457 2.72681248989378 100 100 20
-1.2865740361558728 -0.8757107686892729 25 50 5
2.280335763840606 3.998820624714069 0 25 5
-1.3269400630042858 -1.658782150005341 0 25 5
-1.482516602558185 0.3349450137018976 500 500 5
4.887269480960077 1.785686551383007 50 100 20
-3.5530971164112755 -1.2950581281762463 50 100 10
0.9110939291980946 4.999362520048232 0 25 5
1.783497637506538 -4.4679900194039455 0 25 5
0.1365279085882349 3.698661382844355 100 200 20
1.055370077602734 -0.898258398789757 0 25 20
1.2931348368706672 2.9064171412354467 50 100 5
0.6704117953141209 2.0278390389827807 250 500 5
4.801318835342789 -1.574528392915571 500 500 10
0.8394641483981555 -3.530095054756897 50 50 5
1.1110732710522535 -0.4005063181841253 25 25 5
1.738855142577297 -2.7013788144519326 50 50 20
4.659012557080759 4.806344965595514 25 50 20
1.7951310206733897 0.9036259249578632 100 100 20
-0.4234949473644169 3.629299726760157 25 50 20
0.4747925219601807 -0.1605939310580906 25 25 20
-4.218285190870731 2.1514348985768823 100 200 10
0.4618468547961898 -3.995486555948968 100 200 20
-3.411630368564574 0.3185010392916112 25 50 20
-3.3940083217404995 -2.4505813468252526 25 50 10
1.4640622319255083 2.8155880599007768 25 50 5
1.5242405712248177 -2.791685061672325 25 25 10
0.0709026170268618 -2.597104312969254 100 200 20
0.2388027828314509 2.2501862093013427 250 250 10
-3.778669951471212 -2.844075075949717 500 500 20
-1.2659685633516595 -1.2555516326242633 50 50 20
2.8818992176040243 -4.444600043739929 100 100 10
3.8152506728048223 -4.663520650974443 500 500 10
1.857852624556928 -4.127766440465068 25 25 20
4.152276272922254 4.228349179483903 100 200 10
4.291291343574123 -1.2071504439179082 250 250 20
4.890439730574585 -0.4399368485816222 25 25 10
0.6057565380179426 4.730174408115641 50 50 20
0.7119314297000425 -4.113371102958312 100 100 20
1.030036215218412 -0.2343902205229984 100 100 5
4.730271478081745 1.946263076614928 25 25 10
0.3340060845312242 -3.3327013224577877 100 200 5
3.1007254229413306 -2.584953858014352 500 500 20
2.909319380146488 4.930000060183868 100 100 10
-2.270526529730833 2.8433420157059883 500 500 20
-3.1722398996488685 -3.718120918795317 500 500 10
1.9643461881043764 -4.530709377167671 25 25 20
-1.989933000356645 4.603531658806649 50 100 20
-3.350057159525408 -3.895309660530837 50 100 10
-1.8619556499760668 1.7045522541462654 500 500 10
-3.570061596831293 4.788578816699275 50 50 20
2.442773587891109 2.902956317476644 100 100 20
-1.3206004941280869 -4.596171873624155 0 25 20
-3.998267450361869 -1.1472249938937304 50 100 5
-0.0500851697043778 1.952063357970836 25 50 20
-0.322358595730833 2.5651281927513736 100 100 5
-2.6896443360226154 1.6822205384494406 0 25 10
-0.6681570452918582 3.068092548947842 50 50 10
4.466080558539503 2.768053376893992 50 50 20
4.445031573238831 -0.3493224978720421 25 50 10
-4.960606987946896 -3.270095517670283 500 500 5
4.778145222779095 3.136218027918272 50 50 5
-2.1059318640468816 -1.7039508591346042 100 100 5
-3.793771950600726 3.1304992369322697 0 25 5
1.8867571516451296 -2.1010703897187 25 50 5
