2 2 40
40 60 1500 40 30
4.565606982233382 -3.46263389611761 50 50 5
4.077279763723794 0.4036397491624939 100 200 10
8.391088145715308 6.324761363653543 50 100 10
1.4052622377898611 0.4120585005510158 25 25 20
5.331027786534904 1.463235485256302 500 500 5
-7.650424078777112 -9.458382432790122 0 25 5
2.3583810862618755 8.657221286470868 250 500 10
-1.4249528019941788 4.771940358988216 0 25 20
1.6926588540853942 3.558167270419734 500 500 5
-7.168614294932709 -4.827792487714559 250 250 5
5.706869335735272 7.76086304840236 100 100 5
-0.7632871014133435 7.501608867423183 50 100 20
-6.767838189277857 0.6837996680833154 100 200 20
1.8728552607743647 7.67039197883792 250 500 20
-7.661695966170782 -0.4633137420504578 50 100 20
9.270533197231885 -5.2353697546095646 0 25 20
-0.3318883557973855 5.578253712178059 50 100 5
7.362565424618786 1.3378391870123387 0 25 5
1.4039605548915883 -0.1325386865998403 100 200 10
-1.5167835285358071 6.672559037602625 100 100 20
