2 2 40
40 60 1500 40 30
4.554857169568784 -3.117306397631721 50 100 10
8.502554366861165 1.1514939818791028 500 500 5
-3.447424475445484 5.824716799246502 100 200 5
-0.9000919452382394 -1.598482408483628 0 25 5
-8.020729520371292 5.255296949631392 250 500 10
-3.1434002162056007 8.701009692531283 50 50 5
-6.439130922518402 5.033104262786258 50 100 5
-8.245702903554516 -0.6059210429045088 250 500 10
-2.8289334901040704 5.696919540929164 100 200 5
1.1116694077472378 2.8129681551805152 0 25 20
0.96205506866154 -8.149947803168677 0 25 10
4.213773889069888 3.5839817939247247 25 50 10
-1.206657751420792 -0.0301902300920673 500 500 20
8.466093416695365 -0.8524751054138129 250 250 20
-6.338204903058504 9.47013562991155 100 200 20
5.276364163848108 4.820376040943756 100 200 20
-8.16397288324145 -9.154447506530309 100 200 20
-1.1326933524936766 -0.2716728537654376 50 100 20
3.398257814570835 9.724523227170424 250 500 20
-3.7766085988300135 -5.06269780535739 250 250 10
