2 2 40
40 60 1500 40 30
1.1588700421267029 1.073184266425221 0 25 10
-1.171751661696312 -1.114353377138383 25 25 5
-1.164645252208108 2.393762646316114 250 250 20
1.5975160696152262 0.8701434160545358 0 25 5
-1.9706376531611245 1.7037086936813326 0 25 5
0.7634799056037922 0.6263921136493811 250 500 5
-0.1144475651549674 -1.9465042913773736 250 500 10
-1.772519583486218 2.4320100540872494 100 200 5
-2.2292478016765798 2.414069936820657 100 100 20
2.252385148641588 -1.1231841666331366 25 25 10
1.6370402199054075 0.2952834704093305 100 100 20
1.7214541896172175 0.7415459877733759 100 200 20
1.7711221294040955 -1.1688166474557848 500 500 20
-0.2457981509251339 -1.7327431051401638 100 100 5
-1.5660968573414389 1.242316223290414 25 50 5
1.3081580158095123 -0.1494296544497637 25 25 20
0.1441657524349979 -2.164796979795682 50 100 20
0.6454369434682588 0.4499165649937464 25 25 10
-0.3897433925436173 -1.0508606913085727 100 100 10
0.7930202668760633 -1.762068317824157 0 25 10
