15 5 360
40 60 1500 40 30
8.891136007050335 7.45371419937587 250 250 10
0.3190296378252171 4.176025717794218 25 25 10
-0.9446029982924884 1.4818622789993403 500 500 10
-2.009051384644856 15.92203898417302 50 50 20
19.139478103017225 -12.384153344878168 0 25 20
-7.977310061054595 -6.690340534720063 100 200 20
8.238990996198648 -10.290840205549156 250 250 20
-15.179988026588209 16.10497398954297 50 50 20
-4.263576190587891 14.88179486233374 500 500 5
3.9224448429707977 -5.678597284105788 500 500 10
5.446224013800197 0.1802833476872649 250 250 20
2.961119065795188 0.8428837336904138 25 25 5
-2.6693109815698755 5.421826533040264 50 50 5
4.328028244365953 4.996753700821117 25 50 20
7.567907384414163 14.253743114484564 0 25 5
-10.6620413223864 -5.892413165582919 0 25 5
17.752996711728677 -4.540487354200398 25 25 10
11.664350500315113 0.0632469689794916 100 100 5
14.01389870637879 6.542642773986948 500 500 5
19.83033483864516 -2.0756133158634853 50 100 10
-13.177034141476527 11.61962414524936 500 500 10
4.5361934079312185 13.608663416032009 250 500 5
-7.714389926025644 15.6532089952777 25 50 5
16.604494280231272 -12.319093743470155 0 25 10
5.687242623288476 7.057282965321527 25 50 10
11.3241582944106 -7.719507672620725 25 50 5
-11.920231699712506 10.704561091511856 100 100 5
4.974693445059106 8.217179844569866 25 50 10
-3.3111156861275184 3.3683652899598613 25 50 20
-0.6881366541685097 -0.7333524786983858 500 500 10
19.923422069039383 13.629741405213217 100 100 10
19.796025017389013 -9.303010489038831 50 100 20
-12.232001843805062 18.2811478126199 100 200 10
-16.65560714319468 -10.942575222750165 0 25 5
18.340207042237022 17.25798705322626 0 25 5
1.388486390356828 -9.73954749051595 0 25 10
11.393624464708214 -0.8707895944034476 50 100 20
14.01799154644673 12.98872230498035 100 200 10
-10.452148659722592 -0.8217411734463163 500 500 10
-19.00769294232528 -15.54214062078097 100 100 5
-1.9731313210254056 -17.894414039540653 50 100 5
-14.598987416664356 -4.433504653718071 250 250 10
-16.313064598403958 11.38401323798808 50 100 5
15.754514366128156 12.464760625489298 500 500 20
4.115290312985088 17.29816246599023 100 200 20
2.2861154451696635 -18.4275237982674 100 200 5
7.580905327790269 5.699228744397104 500 500 10
13.246761172703678 -4.921690561898222 25 25 5
-5.38146459382499 -0.4936707230032588 500 500 10
6.973713315083494 -6.048867437626671 500 500 5
-17.972673100781307 14.985684057499505 25 25 20
-14.485603965162044 15.494842863516617 25 25 5
0.0652205227632904 -15.161118418907815 50 100 5
5.586670312658491 2.477882921761534 25 50 10
3.620403208864886 -9.868521291634408 100 200 20
-7.343216019584879 0.8687243787332051 500 500 20
-11.858930806514731 13.093171440537034 50 50 5
-6.0837529304934925 -16.79144374659409 0 25 10
11.104725218073472 -7.17918714703397 25 25 10
-4.061118268185666 -15.347570312523771 500 500 20
-10.191703074582987 15.915501534839636 500 500 20
2.799300907915409 8.710109960673947 25 50 20
-3.739710493170808 4.085008735398581 25 25 20
0.4340587413340415 9.717886169494513 250 500 5
19.956243885821536 -9.257216044141966 25 25 20
3.0267313838365624 -10.92741208024437 0 25 5
19.318751926140493 8.634790796116746 250 250 10
-12.801831491658646 12.259058532392018 25 25 10
12.583262114551005 -19.474565448896207 500 500 5
9.783176260608997 3.702336199053424 50 100 5
8.910943676594584 14.973806245743432 100 100 20
14.97487166826258 -13.52421009528895 500 500 5
-9.490151973714994 -0.7684742369640958 250 250 10
6.617962383768603 3.896464832092839 100 200 20
6.54562448110994 -8.706596908206343 25 50 20
-8.567791828794036 10.03888495922248 50 50 5
9.62302944132492 3.1321893216714827 500 500 5
-11.052700762009795 -13.801439289651572 50 50 5
-4.380503604279156 17.148655187493176 50 100 5
13.930420040332756 -9.663544966020936 500 500 10
17.651997310177812 7.868259551793173 500 500 10
-12.912270806745973 16.535652490054822 100 100 5
14.958463059209706 -9.084361823004766 250 500 20
19.82102321986038 -8.4985036571209 500 500 10
7.474995542975094 11.298182030680888 25 25 20
8.820821625237937 5.13641887032934 100 100 20
16.89013885193536 -6.97004872939964 25 50 10
6.277128810721123 2.220737336550531 25 50 20
4.957448380123473 -17.872841907931253 0 25 5
1.4891231288875986 12.23065603783708 25 50 20
9.847608261880657 5.006498261024483 50 100 10
-0.3449818357755099 4.324720940884742 50 50 10
-8.678646979652118 14.3175493162083 100 100 20
13.623353394351795 -15.470011517232493 100 200 20
-14.49556305196452 4.240510793391536 25 50 10
-5.61303859708946 2.1591440249618223 250 250 5
-19.954091402126124 -12.71947617337859 250 250 20
16.100853599816944 -17.51016697911089 250 250 10
10.440930030766758 14.589820743484635 100 100 5
1.40529158754633 -7.262555140352557 25 25 5
-11.700596735555347 -8.151040407272824 500 500 5
2.835279870660294 -1.64739023680578 25 50 10
-17.658357324429673 12.73838915483659 500 500 10
-13.902269940082927 16.67464303720952 250 500 10
2.9023501374529026 -17.9684050964234 50 50 20
-9.002442399847318 -15.027792516285263 500 500 5
-9.27585911595795 -9.658919888246228 50 50 5
-4.206048661493625 -10.097576790718591 500 500 20
0.8218694319783673 -7.451573093235471 500 500 5
-19.231929892356145 -4.580306449257673 100 200 20
-17.80099138223365 -8.050312405099316 500 500 10
16.78341230299302 16.16547784235585 500 500 20
4.1973254194046525 -17.8526367210862 500 500 10
14.620113522715364 13.370280044358816 500 500 20
-9.738889506158008 -11.279792131135636 500 500 5
-19.1355790683632 0.2990902153466663 50 50 20
-10.102791622151098 2.7021213652902887 25 50 20
-3.865409820858837 14.271534437371043 500 500 5
-10.387902166906988 7.901368428558083 250 250 20
-18.575539613215795 -17.712021777179373 50 100 5
-6.3927268426899495 -5.9086183569170245 25 50 5
8.34595512179397 -2.7071571137227544 50 50 20
-4.985825547757923 18.104400689465606 250 250 20
-0.9482401941794478 12.10637544006481 50 100 5
-11.5500778594165 -15.140814922463722 100 100 20
-8.380582783386593 8.05612404610239 100 100 10
-15.324900747741946 -9.64593255141464 500 500 5
-3.32188373208318 -14.660625814082984 500 500 10
-1.865162333663033 -1.3434169863919363 50 50 5
1.0593820486373602 12.147790130846955 25 50 5
-11.835549065148214 -5.079064718691848 0 25 20
4.252968830640924 19.58551180789614 0 25 10
-15.35912923111824 6.464540497223027 0 25 20
-16.550847596672615 -0.5880379259165736 250 250 20
-1.138864524389433 -6.065094714726662 500 500 5
12.948720166085051 -8.359391763740405 50 50 5
10.429175207780055 -15.401914424459108 100 100 10
13.72187232409668 19.024930743073284 0 25 5
10.932149168769914 -10.220018988445192 0 25 5
18.89730788267164 15.46285272082509 250 500 20
15.187588277404458 18.491707258448383 0 25 5
10.962729349178538 5.350871656985262 0 25 20
0.8425820444381991 -10.729698700663622 100 100 10
-3.541971785153013 0.9191460090446526 50 100 5
-12.893728788551698 -7.733990408144372 50 100 5
-6.057604443674203 14.5788027784019 0 25 10
-6.603114797891102 3.6074097018704734 50 50 10
-18.983393581778767 -6.68731723385369 250 250 20
-11.315410189122712 4.075610219891139 500 500 5
16.181730959175916 12.140806537763368 500 500 10
-7.688625655699454 -15.881214760352425 500 500 20
1.3155213207354066 -6.3082069871933975 50 50 5
17.069250494506775 7.238290886576173 25 50 5
0.5477257114469651 -9.088516393782845 500 500 20
-4.682006349794396 -6.222387870965282 500 500 5
1.3155753871818696 -0.0599720227840023 100 100 20
-1.0763126981435605 17.145396002676378 250 250 5
13.380700490474254 0.1886709014049579 25 25 5
-6.200678190068455 -5.496189757921638 100 200 20
11.58871893975182 8.647501388396385 0 25 10
19.828691205608717 -16.04651207959574 50 100 10
-1.8472471588648745 -14.544596141369176 50 100 10
16.954837206657928 -9.753693074037937 50 50 10
-9.757878915970828 -2.236528392367198 100 200 5
8.214301105180695 -8.942756879258319 250 250 10
-11.342546049489414 18.92312624566607 250 500 5
0.4984216831070327 -14.153435810789524 100 100 20
-6.626509381313737 -9.969813646285356 0 25 20
13.822934149667596 -0.656397871619042 25 50 10
-18.26920384869324 -19.143842047996355 100 200 10
19.88712405197687 -18.316645599894454 250 500 10
15.057654975508504 17.197965882105237 500 500 10
-19.29622643042552 -2.7728259516458245 0 25 5
9.503391452059535 -8.322595638715198 25 25 10
-11.918830656754796 -15.90121520466186 25 25 5
-3.1356287382725725 5.021540413270724 500 500 20
-5.26159939370884 16.466883505398677 25 50 20
-8.816083376226068 14.855320121896597 500 500 10
-2.164782337353678 11.605571692964716 0 25 20
-13.092590958249088 -0.9623584878551092 250 250 10
-14.302319029876855 -6.236128987082115 250 250 20
-15.626188302467522 10.572123441438348 0 25 20
8.520872959343869 -3.1244317160289903 500 500 5
-11.575131798565868 -8.876161223943413 250 250 5
-16.170101027655566 18.140645281421413 250 500 10
15.913227998770523 -19.826745353430702 500 500 10
17.480446769194565 4.509539147908576 50 100 10
-2.1092499256922537 6.838625705421549 0 25 20
-9.019856198379452 -15.898516407857493 0 25 10
-7.741775771897474 1.3980965916078247 0 25 10
15.91196471465056 -15.411814633093956 250 500 10
12.657780339647353 -6.45723958036006 500 500 20
6.2409416863140805 -9.425920658236846 0 25 5
-10.61078732513826 -5.608071992370704 25 25 10
-10.714575596025997 2.004419343985504 0 25 5
-11.868515413546229 9.301850191340291 50 50 5
-13.865857414653725 -14.367554599079586 250 250 5
-17.749340562344663 -1.5008541471271997 500 500 20
-17.70968781965567 1.576891411846514 100 200 10
4.47550551648493 12.57019321001492 50 100 5
