15 5 300
40 60 1500 40 30
2.2595123793550096 2.3502261143389003 250 250 10
-1.7065981303133697 -4.84449585519169 50 50 20
1.878766975361956 2.078950941289799 100 100 5
-0.9589694619876764 -4.15014261995848 25 25 10
-2.929960122684361 -1.052248786535932 250 250 10
-0.7266598404449089 -2.0505081788576094 100 100 20
2.11791422608378 3.1430236592443723 0 25 20
4.509231960641529 4.067270177369977 250 250 10
-2.2837870206779174 -3.586953807407227 50 50 5
1.022974605704496 0.8077518157487154 100 100 10
2.573004103568312 -0.5929918881949909 100 200 5
-2.931344936675152 1.929279455492024 50 50 5
1.998638769070732 -1.205078079989523 0 25 10
1.888443535541612 -4.631015827777645 25 50 20
-4.2966174456831965 -2.0425163664253967 0 25 20
-4.018766257378371 -0.830235206571083 50 100 20
-0.4687944840662066 -2.46505926679071 50 50 20
-1.391778021104817 3.848310469844215 0 25 10
-1.6437086455554093 4.624031867233283 50 50 20
1.0119867533892792 1.2432234727561164 50 50 20
-0.1311712251644401 1.9120591754217289 500 500 10
-3.6743668985826536 2.382307202140516 0 25 20
1.4766468370416694 0.5371592055318715 50 100 5
-0.3514390778345664 -0.591916317305575 500 500 20
-4.950740295014311 2.9638299381829274 0 25 20
4.265423887125259 -0.8994016944085814 250 250 10
-3.2691212105193967 4.662781605810585 25 50 10
2.484837305838724 -1.9634202561762224 25 50 20
1.5489579171494563 -4.115830955108382 0 25 10
2.0744012702868204 1.9240127244473992 25 25 10
-4.955165785462466 -2.686727552404805 100 100 10
1.7685988799978505 4.151190169983543 0 25 5
-3.346975397375942 -4.102315673437863 50 100 20
1.826132814469851 1.0893038079037831 0 25 20
2.0557430495998785 -0.3649287273976949 100 100 10
-1.8867371883030224 4.1876383448419165 500 500 5
4.239199743717055 2.610566009331333 500 500 5
0.6897081389585749 1.4004307631508075 100 100 10
-4.521755273626399 4.072857355961439 100 200 10
0.3736730698065384 2.984455589616973 0 25 5
4.97592020197731 -2.161959617704139 100 200 20
-0.7374358527245075 -0.7935971651485074 25 25 20
-0.6155200330673605 0.8102843088578471 250 500 20
3.6859561296642536 -0.0008941976144436 500 500 5
-4.065556919979029 1.9083872162320985 50 50 10
0.5673721951634816 -0.8943140124701046 100 200 20
0.3982420791634009 -4.812723765863334 25 25 10
0.6714401445553877 -2.249325574305232 50 50 10
4.615027725935754 3.443516239332933 25 50 5
4.712987272533917 -4.622827089566384 100 100 20
0.8031936375630124 1.0938896816993855 0 25 10
0.8046357213771262 -2.510881163250327 250 500 10
2.387183756338344 -2.383889804952204 50 50 20
4.219461360049202 3.1377135881557177 0 25 5
3.565143706513931 -4.659265972382192 50 100 10
2.945278971039284 -2.908919616305385 0 25 5
2.3439798081726586 -2.1166725960256016 250 250 20
-4.992883733526067 4.226210236812195 50 100 20
4.26838806472653 -1.994042346959687 500 500 20
-3.965562346834761 -3.8177387282622064 100 200 5
-3.4295851181058445 -3.802932370401745 100 100 5
-1.95031727317698 2.8142738490601467 0 25 5
4.9661123563438085 3.7587949310014217 250 250 10
2.954680042564057 3.48636160525335 100 100 10
-2.174147947477268 -3.3091982305793364 25 25 5
-3.3085005716867046 -4.256556236433023 50 100 10
4.944857051121202 -0.8403245632550362 100 100 5
2.554305399886716 1.400579938622205 0 25 20
0.6405165602210152 -2.1570379812861704 250 500 20
4.62877442281016 2.588968992331906 25 25 10
3.403045778303362 0.9368975422292358 25 25 10
4.835637462076729 2.797676516247808 0 25 10
-3.173947307537448 -1.8831038423123192 250 500 20
-0.4450886155391007 0.4501524234469176 25 25 20
-0.9564249774588376 0.2398622969948078 250 250 5
4.307380878109395 -4.94540087275904 100 100 5
0.4001478769460203 0.0773832053535015 500 500 10
-2.530104875420788 -1.5327421752087056 25 25 20
1.580467938563772 -2.131129200855346 25 25 10
-3.4989612726255173 -3.6923301388597904 250 250 10
-3.074785775005162 -2.016288442328482 25 50 10
2.653742696774452 -2.93502087288088 100 200 20
0.1595880377748209 -4.518514720046007 500 500 10
2.651394622475273 -1.0656629885012716 25 25 5
2.261136689656336 3.859321770650766 500 500 20
-1.6959853465982522 -3.077527938954433 25 25 5
3.6934193777894144 -2.224550195709447 0 25 5
-2.458944552363791 -4.73851271553969 50 50 5
-4.267917451411758 -2.9619917485457736 250 250 10
2.837390998187182 2.669947924414519 50 100 10
-1.8900957602905253 0.6481760257690583 0 25 10
-4.490942659577622 0.5003213670625009 250 500 5
2.707370945133808 2.1866867865491457 100 100 20
-3.144693752907444 -3.688168657307296 250 250 5
-4.48465194660204 0.3327903458554697 50 100 5
-0.376465753781428 -2.092208113308577 100 100 5
1.5964092676138826 0.8047220209438901 500 500 10
-4.226348579470612 -4.623521330370927 25 25 5
0.2713838966539956 -1.4892558094455 0 25 10
-0.9815507310146536 1.1746044322405158 500 500 20
0.2576880966915151 1.199820178423554 250 250 5
3.116534547766058 0.7924596358825884 50 100 10
-3.013999929938244 -1.5990141599415075 100 200 20
-0.6056127463298644 -0.9602203746835558 50 50 20
-3.1781586481742297 1.940480093744359 0 25 20
-0.525893089408715 -0.5085973818524678 50 100 10
-4.581369177981081 -3.174304624020421 250 500 5
1.6834116550114944 -2.8682204057465563 0 25 10
-0.0712329080393656 3.7850124660590554 100 200 5
2.12444899126364 -3.2625999729966426 500 500 5
-2.700690744630774 -2.7474177753755216 250 500 10
3.8779826379983966 2.036195051139998 100 200 5
3.3788121741986394 -4.912884363838238 50 100 20
0.3195200735548482 3.18297880537817 0 25 10
0.0618826391565372 -1.1862549272054812 250 500 10
1.0239375275717046 2.589996026595891 50 50 10
0.1980181627560187 -4.321981160094245 250 250 5
1.2351717204042425 1.651631045736775 50 100 10
2.491289603959782 -3.6989062164181497 100 100 20
-1.622464678798674 3.4023458897706043 500 500 10
1.1174312449141848 4.22518436962649 250 500 20
1.5852217754231397 -1.3530910271757175 500 500 20
-2.715098618522873 -3.861664974204606 100 200 5
2.726561464542959 -4.398024848209827 250 500 20
2.466473546264361 4.0675746785401525 25 25 20
-0.1004089510824881 -4.41191861376122 0 25 5
-4.472075966378637 3.329518860301686 50 100 5
-3.124502415959784 -0.1888795084236418 25 50 10
-1.5196236332140225 2.527479883263579 250 250 20
4.466503657004404 4.772353425478288 0 25 5
-1.9171355721586985 4.384148890983862 25 25 20
2.294751184583101 -3.653974795757995 25 50 20
3.021678243485264 -1.3010894926670682 0 25 20
1.938749449200202 -4.936353099252888 100 100 20
-1.106943394092068 1.2188550117432593 0 25 10
4.933949857077026 -2.35599795936193 0 25 5
-4.284217152294936 4.712549281739216 100 100 5
1.604007853928472 2.3079464794338715 25 50 5
-4.799745716887625 1.0356276319565811 100 100 5
-0.8007029098040661 -2.08294178546508 50 50 20
-2.49941888705159 -4.522731366502591 50 100 10
0.319236047673832 -0.5247953497904012 250 500 5
-0.3237180472107397 -2.82338445894301 250 250 20
-4.905009196093417 -4.967915559916981 100 100 10
0.5901349855126288 1.8982084233253136 50 50 5
3.109117647985721 1.5278125427974931 250 250 20
-0.5312493688642084 -4.04451459941765 100 200 10
3.5287040832234133 -0.3823953532082313 25 25 5
-2.147575637444056 2.571417881239909 0 25 10
4.428576028151412 0.0156301214092096 50 50 5
-2.83916376933027 4.465343981277737 500 500 10
4.7811287827461815 -3.6029111692819296 500 500 20
-3.398843899990548 -1.0449416126901223 25 50 10
-4.910651844281054 2.397581190771509 100 200 5
-1.3548807042723698 4.363224262839275 50 100 5
-4.860418519560224 2.7488291163704317 500 500 5
1.8016353138519052 -0.9828299967092152 0 25 20
-0.1493776923687662 1.0898110540749195 500 500 5
2.9114884096832654 -3.368868999543224 50 100 10
-3.304328293849631 -0.5076225352933168 25 25 5
3.690699496287941 4.36000033953256 25 25 10
0.6737373522913614 -2.7595963809052906 0 25 5
-1.250895482828538 2.313651495102227 500 500 5
-4.692966437554977 -1.0984535571643672 25 50 10
4.810715968370396 -4.179105211416168 50 100 20
0.6409453121926232 4.2306650305357945 100 100 20
3.3624299611134294 4.232128512826067 0 25 20
1.7231181300715193 4.943971192777491 25 50 20
1.4576396143286665 2.549751329242768 25 50 5
3.5382360895262064 -4.097033100438429 25 25 10
-2.098681863275744 4.6753939374509805 500 500 5
0.875050606846143 0.7472366971023989 250 250 20
4.543135144434052 -0.4369643457765546 250 500 10
4.102224131249091 4.515153675360885 25 25 10
4.905166221194168 4.067066807447647 50 100 10
4.329547784126863 -1.7084359915464309 50 100 20
4.870761278698865 -1.225639876789304 250 250 5
3.9310988962573337 3.4215111040150497 50 100 5
2.661131053549377 -4.390586572687484 50 100 20
0.9068993626447872 -4.670938224051481 100 100 5
-2.173782627050037 -1.498374576283724 500 500 20
-1.9403633340268824 -0.5197013196086173 100 100 20
1.4764066000705505 0.9037691809185286 25 50 10
0.4630118410952013 4.529538970639095 500 500 5
2.4816516677128364 -3.5492769229087573 250 500 10
-2.8017248860440915 0.1878436343716387 100 100 5
-3.135436324178799 1.5475236114607511 250 500 5
-4.164486438122145 -0.1471199233710347 0 25 5
0.1140343636558878 1.17580229146742 50 100 10
0.6362507090434946 0.5391975690024422 25 25 20
4.645954529989185 1.70766794843302 0 25 5
-2.0460760312754225 -4.85201643258753 0 25 5
-2.8624097663172954 -2.9839012970636647 100 200 5
4.808798728505511 4.615355974085132 50 100 20
2.9621765580942387 -3.329095290893397 50 100 20
-0.8861155314890281 -0.0217378971871182 50 50 20
-2.549703938415461 -2.4906750695401616 25 50 20
2.528414465599136 -3.102960651393689 25 25 5
-3.795399569026202 2.3703201940747096 50 50 5
-0.5845487302187538 -2.3262942868812067 500 500 5
