15 5 300
40 60 1500 40 30
4.522607731574995 -2.0813236041508283 250 250 5
1.77837877231973 3.395056978052157 0 25 10
1.0370382571185832 4.32458340404861 0 25 10
-7.816154196299319 -7.630104837564337 250 250 10
-8.076000845043431 -3.3685180611968946 50 100 10
-9.622327734421397 3.179186068495497 25 25 5
7.168332455094319 -5.839247404314019 0 25 5
-8.707952612189088 3.260494453394088 500 500 10
3.606289775350763 -7.886824839635446 250 500 10
5.952521111833526 5.735250083865736 25 50 5
6.727612863486794 4.117619940141438 0 25 10
-0.8550434375036389 -8.168898532500982 50 50 10
-4.523116139826373 -2.1721596265949934 500 500 5
8.245807884458372 -6.421076060145787 250 500 10
-2.367732011744894 -0.7295159561792026 0 25 5
-6.706142936303223 -5.012385678326606 25 25 5
8.339772640356685 6.647448837344594 500 500 20
-6.618469683831072 -5.1002083800523135 50 100 10
9.381150487678248 -0.7042904354723376 0 25 20
9.443915296217703 -0.2684674401677611 100 100 5
-8.246431355127417 -7.492256872700615 500 500 10
-1.4763840509754385 -0.7007378337684145 0 25 10
9.139171066811803 -6.084330046894504 250 500 20
9.58955508383027 3.936933695475462 25 50 20
-5.157339168496504 2.1422461830865736 25 25 20
-4.012139252830645 6.106608748176274 0 25 20
-0.2249804988190895 -6.578178792068932 25 25 10
4.602958840802081 -5.294422622882104 0 25 10
-5.938500098416235 6.8943945910526985 500 500 5
6.806991225277898 -4.726867253442693 0 25 5
-0.1479918296505715 4.275894572318727 500 500 10
1.275694419801109 -5.699869230942807 0 25 10
7.912002920869185 4.607797737852588 0 25 10
3.7488541160192455 -9.155544018246465 50 50 10
-4.427958471367486 -0.210777073014972 500 500 5
3.8134662950681015 3.6555233431182863 0 25 10
8.61408663426445 1.59462089902817 50 100 5
-6.21227074479771 7.010934678923732 0 25 5
-5.327287741989444 -4.119817450854484 25 25 20
-0.2160102602469908 -6.531577412287506 100 100 5
0.7293236629558599 4.682094795584426 0 25 20
-9.971231782200016 6.736198597328826 100 100 5
-7.722479622045775 1.909766778532516 25 50 10
0.5179929147985884 -7.135162362242924 250 500 10
-3.262272902620982 -6.662850616611582 0 25 20
3.0855582578175174 2.963817558973936 0 25 20
-1.300782452665203 -3.404718691467221 250 250 10
5.963343740127371 5.645846206095213 250 500 20
-0.4323450076404604 1.869172620449394 100 200 5
1.9108096148535587 -7.597908944766603 500 500 5
-0.8037235905918436 -0.997833384125446 25 25 10
3.992299610981023 4.111447945660311 50 100 10
2.078843556111945 1.7108928709754565 500 500 5
-5.919829491308731 -8.113036833366944 100 100 10
-4.317513380999802 4.613942611480962 250 250 20
-5.838117209367281 -9.537458886859234 250 250 5
-6.501434096147143 -6.222610434433187 25 25 5
-4.470835393487331 7.323061454685231 50 50 20
0.3896744226497617 -3.5197180800110743 250 500 5
5.9273843106931565 -4.218974634634214 0 25 20
2.8109117566685526 0.9032272001623588 100 100 10
-0.25674590801977 5.202864445136381 50 100 20
-8.516454357302464 1.4432035922950384 500 500 5
1.3089860972090168 6.588029347307806 25 25 10
9.099195983252258 -9.642288667364872 0 25 5
-3.5989703227098087 -3.296010493011224 0 25 10
0.6326572807272779 1.441397532929578 250 250 5
-7.988485415412711 8.980263518736308 250 250 5
8.841491365151274 -3.561724333255098 500 500 5
9.470522640814387 4.364609620958085 500 500 5
2.530511630883348 9.892667572318096 0 25 10
0.9973161315907006 0.3444974744649975 25 50 10
-9.84071486151093 -6.858010952422879 25 50 10
4.758643807713812 1.3369911397514134 25 25 5
-3.629223669668472 3.1545058499176086 25 50 10
-1.487742929375088 -1.3498380927960785 50 50 10
4.0192606532668265 6.915189073990607 0 25 5
-3.086251867580609 -6.780838966172283 250 500 20
9.275627515642608 -2.937213561713172 500 500 5
2.5648515195612718 -0.6799231478556997 250 500 10
2.388205193325767 -0.5187575229142745 25 25 20
5.881320263619996 -7.535303678928438 50 50 10
-8.322777507402039 -1.4514121061548302 25 50 20
-6.141489749427375 9.679304574148322 0 25 5
-6.658956788087835 -9.25357354675991 0 25 5
-7.187208626441068 -4.629361786422348 100 200 10
-5.347709256453732 2.333139816937404 500 500 10
-4.8230820824488285 -9.017874243560628 250 250 10
3.1219912575547664 -8.216059660556574 100 100 20
5.427475479721535 -8.356466783279688 250 250 5
-0.7901425715854931 2.7008935702155075 500 500 20
5.222534320771597 -1.982856091824072 100 100 20
-4.8411572141067305 -2.1039629488929323 0 25 10
2.827633752575806 -3.4564022467591515 100 100 20
7.532085223270073 -9.649281205534525 250 250 10
-3.0917807382353395 6.290511285386561 25 50 10
-3.9696271263201535 -8.245717522013198 50 100 5
9.766662190006034 -4.392992048519508 500 500 5
6.16824597032814 4.325224082751371 250 500 20
-9.898015882354905 -3.212718459327535 250 500 20
-1.6131274792914887 6.6179406030448575 50 50 5
-9.629592722200533 -8.053684657182973 100 200 5
-8.81818635425759 9.018204644097189 50 100 5
8.824867899719614 8.310888356619465 500 500 5
-9.17619476189666 -0.3695193810392556 0 25 10
-8.688399155499143 6.12898563708444 250 250 20
5.2506856487249856 6.260212933393099 50 50 5
-7.098061756590102 7.40074693367562 250 500 20
4.708587860116476 5.194210959674129 50 50 10
4.437427670691603 -1.3659336125715065 0 25 20
-3.2794733994574994 -7.517746709392748 500 500 20
-5.933582819521089 5.827982653831223 100 100 20
7.960500198795934 -1.5769613921679555 50 100 20
-1.1497900915490078 4.886972964773719 50 50 5
-9.388761025274723 -9.042393301220686 500 500 20
6.516932140595422 -4.330717699258837 0 25 20
-4.216284058069057 -1.326646470871232 50 100 10
-7.55877604278117 -7.127591809902077 50 100 20
1.576556237152742 9.12177299480868 50 50 20
1.9278920332250704 -8.041127544350315 100 200 20
8.353459115611614 3.153035998364256 250 250 5
-7.122362869927619 -6.67460180984442 25 25 20
-1.1832353945088023 -9.029453224696928 100 100 10
-1.0870111431171292 -7.081378656172815 100 200 20
5.455287750530655 0.6085911385578129 25 50 10
-1.9574288860365456 -7.499539281084207 50 50 10
-7.055454469631477 -5.4637913309407455 250 250 5
-3.0581785915199733 7.766268154832623 0 25 5
8.077501026736812 -4.909592754150016 0 25 10
5.928291180834291 -2.4811076153418243 500 500 10
-5.196051713982667 4.441850602627369 100 200 10
4.70964958642697 2.1017722370092877 25 25 10
-3.043330252171536 9.79614073141325 0 25 5
3.98251921246133 4.2941868526672025 500 500 10
-3.757518803507491 9.533820306809297 25 25 20
-7.039732484424739 -9.12820576384547 100 100 10
-1.9237034479133608 0.99222306101157 250 250 10
7.907873370247483 -1.96442774839233 25 50 5
2.8363344614733315 -4.4077073363167525 0 25 10
1.7620057757996062 8.91229681039965 250 250 20
5.118594684676603 -7.986502708199 250 250 5
-0.0855716995132134 -3.670323722756816 0 25 5
8.56872340577928 3.1199668510733165 100 200 10
-7.763141885140037 9.069271626822456 50 50 10
8.869398294928224 -2.6590266714763144 100 200 20
-3.5745923529811545 4.800318844486025 500 500 10
2.461357666029208 0.2088858571969183 25 50 5
-7.257269589630368 -2.102406913172618 100 100 20
3.576192784801 6.757715161128697 25 50 5
-4.7640046887836895 -4.653576205883456 100 100 5
-2.84096264247488 0.4853853690358516 25 50 10
9.508818586391786 -1.0620037529042854 100 100 10
0.2592722120795372 -0.4171528801905015 25 25 10
-7.874726643079137 -3.041938573910599 50 100 20
9.467372496070285 -3.866837055277303 0 25 20
-8.275892114927675 -6.427822703021782 100 200 10
-3.0239769967586216 -1.016311464810432 25 50 10
-3.0787118005445717 9.110611875648672 50 50 5
2.8436264197797207 -4.005525526511741 500 500 20
1.0790013909243878 9.456023297852688 50 100 5
-3.961671537432432 -3.63398692163412 500 500 20
-0.980764607042154 7.737056335797561 25 50 5
1.8406866381501812 -1.2505431199111623 50 100 20
-4.239932474036627 6.530963584854245 500 500 10
-1.8168956407028247 -4.157567964247817 0 25 5
-7.647223423907327 -6.221608195213988 0 25 20
8.504159979145683 -8.826426949600275 0 25 20
-1.102081116343765 -9.386552847684944 25 50 20
3.695952926838748 8.77890285982663 100 200 20
9.81847561213089 -5.687829002256118 50 100 10
-9.277409008782575 1.473183597534982 250 500 5
1.4682121198838178 4.562546171925204 0 25 10
-9.512052357997504 8.419363144795284 25 25 20
-2.8466369868941666 6.259166081355257 500 500 20
-7.469192078405278 -2.300757064703993 0 25 5
9.645774116322665 7.025682216347491 250 250 20
-0.8744617955712464 -5.411510121840033 50 100 5
-3.734375673291379 -7.331838254996532 50 100 5
-3.633608348512887 1.2391212980767126 50 100 20
6.611852181072106 8.76247980764628 50 100 5
-5.186414598032489 -1.527416478844426 25 50 5
8.018413230981103 1.5788673265856463 250 250 10
7.279270419418118 5.386550770074285 0 25 20
-1.1855085842294972 -3.453256136736808 25 25 10
-3.668484121769014 -2.5214259131637533 500 500 10
4.466790975934105 -2.5370414271787745 25 50 20
9.09443988565593 8.989695174793955 50 50 5
-3.317965370159353 -5.35343791737898 25 25 5
1.922605295981148 -9.828840800411609 100 100 5
0.5477887448238388 -4.75675856553779 500 500 10
2.5278080907061824 -4.82265215183872 250 500 10
-0.2102514728453677 -6.117467874655791 25 25 10
2.136385873038641 1.2880587878745011 250 500 5
-4.776402743576695 6.890943409834819 250 250 5
-4.744835139168115 5.163253271928445 50 100 10
-3.520424877963098 -1.735885673846047 500 500 20
9.62417843972476 6.833402354450321 0 25 10
-7.92212190514104 -9.398872182647422 100 100 20
-6.065723892364538 -2.871447879660288 25 50 20
7.933007341524224 -0.7958902025736574 25 25 10
