4 4 120
40 60 1500 40 30
6.8860343706413225 13.59740291112297 50 50 20
0.627457491523602 -12.01203048878762 25 25 5
14.02142564757768 11.237297573870112 100 100 10
0.1766329972831428 7.654980634424557 250 250 10
14.727691806939202 -11.077362344463191 100 200 10
-7.250220233212405 2.254553614166678 0 25 10
4.328863660123787 5.670241810625662 100 100 20
-8.264805039622978 -14.019574107858295 100 200 20
-1.6354385142087882 -2.1483804020256656 0 25 20
0.2660848531630595 6.015649018295399 250 250 10
-4.832847104720317 7.329132702113778 0 25 5
-8.564643969799718 4.96410746233294 100 200 10
-9.615889561474576 3.5246639967272024 250 500 20
-10.26705080357357 11.33562261412633 100 100 5
-6.1247623721259234 4.537956883080508 500 500 20
-2.114608736320564 -13.04816536338581 0 25 10
6.914464355439435 9.931834833746368 25 50 5
0.7772540058334201 -12.359949523794112 50 50 5
-14.8741010666561 -14.69852592018858 25 25 20
-14.365786503692714 11.082236612694311 250 500 5
0.0838142631674063 -3.75508141523118 100 100 20
-14.8526083100519 -6.813639723608992 250 250 10
10.006265422222896 -3.1479658403506114 25 50 5
7.71867101078168 1.847246762134532 250 500 10
7.47202086685094 -14.670922324934123 50 50 20
-3.493334680710697 -5.53583918528328 250 500 5
-0.4095001535141964 -13.123924233967973 500 500 5
-3.5469598676403 13.082279491860255 0 25 20
3.5543966640635745 -8.565801403520029 100 100 20
-4.031131624698304 -11.474739767538695 100 100 5
8.004684600042157 11.420316150297584 100 100 10
-2.539297754391299 12.386085617827971 25 25 5
8.137684382434596 12.065923286361665 0 25 10
8.376060208353202 -6.7566322334915725 250 500 20
-10.016113332635651 14.477627059358817 25 25 5
11.948006797176046 -9.02969340906771 25 50 20
-13.211785469869 -10.963629302553208 500 500 5
14.318519546882868 10.503487762185578 50 50 10
7.92141386667312 4.252600032006065 500 500 10
2.22032542547824 -6.061294106036506 500 500 20
8.252257928934249 -6.305457476296457 25 25 5
12.896895503714475 7.321000356643289 100 200 20
13.410257693814678 11.106797304043404 500 500 20
-14.559709711730584 -4.003905179543105 250 250 10
13.868560042384209 -8.663579988810664 250 250 20
0.2265361864857258 -10.109574967020848 250 500 20
-1.7232761155834575 -7.816310560154994 500 500 20
-9.371777376940464 -2.413057869884732 500 500 20
-6.0269346308653375 9.79474626598207 500 500 20
-1.315986982896156 5.563878891529658 100 200 10
