4 4 120
40 60 1500 40 30
9.188545702631496 4.5663188825067 25 25 10
11.219760650637522 10.15205672515425 250 250 20
13.254242809559583 15.31642647476484 100 200 20
-11.56091988160374 11.547001054558203 500 500 5
15.2047606138564 -17.29785743553432 25 25 10
13.99502358198697 17.56647693402345 100 100 5
11.63682681539835 -16.69026583934508 100 100 5
-6.472573119774928 11.559142124117422 0 25 10
14.167143543847928 -4.290342248389326 0 25 20
8.167924201112932 16.26035826246381 500 500 5
-3.280586230880303 -19.62061563078545 500 500 10
-1.40423242137296 -17.436105533239257 25 50 5
10.138027158144672 5.175545062404382 50 100 10
-4.751559444681131 -19.20392532367922 50 50 10
4.284655929741771 12.761642730783857 50 50 20
-0.1566985621406011 15.898615651783372 250 250 5
-12.225990975769228 -3.602419409199268 50 100 20
-6.633488608798309 -2.073592529966529 100 200 10
5.505000802036669 0.4972576959171988 25 50 10
-4.314498426045329 9.266486712232425 50 100 10
-15.856425458707196 12.360474332603616 250 500 10
-8.05877825435613 19.98444255908912 250 500 10
-14.286558580958983 -18.5145841070042 0 25 5
-9.123572769338733 12.704529535112163 100 200 20
19.450977332198825 12.867942846862604 0 25 5
10.2562457755103 8.42970595632228 250 250 10
12.080523639753814 -9.306050248717275 500 500 20
-5.462711365271131 14.707875101421015 25 50 20
-13.33363631334553 18.83104386846577 250 500 20
-0.0584642008094427 7.55056157194009 500 500 10
-9.80240831344152 -5.474212445346547 500 500 20
-7.908737019577581 -11.489717722002712 0 25 5
0.0621532744882671 1.7127558846055102 25 25 5
11.3612578480098 8.322854349949623 250 250 20
9.56629248597153 -19.658337086673857 250 250 10
-8.895442927083641 18.52090149873218 0 25 5
-17.34433966616466 18.128805357326726 500 500 5
3.907985946460556 -17.57520274912855 0 25 10
17.99433017004442 -18.86093154559309 250 500 10
1.03372050487107 6.917296746195305 100 200 10
-7.442022910085196 9.604751426923473 100 200 10
0.2031405181173013 -13.591880335890597 25 50 20
4.8974650759772445 15.387459393691516 500 500 20
6.879215028632721 -19.60528876946533 100 100 20
-11.77090473548024 7.48930991676756 100 200 5
4.203675983628742 -3.974542121532842 100 200 5
-6.492234709428622 2.0197102669788976 0 25 20
-3.254776267220759 17.071583620185265 50 50 20
12.639286239822283 3.023941375496697 0 25 5
-16.78497917095676 10.713996253484993 500 500 5
