2 2 110
0.666666667 1 1500 40 30
2.27832425349483 -3.2540970080114064 25 100 20
0.5491708671613935 3.846759163048436 75 225 5
-2.40383623562988 2.954028705484699 0 25 10
-1.9245997161943047 4.368303896346342 150 225 20
0.4356150153898692 -2.68835649820395 0 25 10
1.3860479530201104 1.170555601829932 0 25 5
-2.486439609539123 -0.5147714002959489 0 25 20
1.4455444893605112 -1.5214721458003333 150 225 10
-4.371000567357967 2.670230389753528 150 225 20
1.5324777534855585 2.4364206906823336 150 225 10
-4.123571227075882 2.2509269530427103 75 225 10
-1.6412016700208074 3.785126536091104 0 25 20
-2.73342722069655 -4.955595907194215 150 225 10
0.3502768371856648 -4.71599865385453 150 225 5
-1.6127268806354889 -4.426052990876328 0 25 20
-2.028970523462567 -3.42779064681262 75 125 5
-1.762646039498451 -1.6828320595452628 150 225 10
3.4749249878536084 1.6649562431820968 0 25 5
-0.1337292225231214 -2.625827003405321 25 50 5
-0.0333188520552205 -3.2200774990986947 0 25 10
2.95236120507938 -2.498911120713684 25 100 10
2.1554692689141577 -1.3107910045377968 25 50 20
3.9525035959009607 2.954256663896217 0 25 20
3.683833864915375 -3.707892041269573 0 25 10
4.956001944511892 3.090407750443484 75 225 5
-1.585257259992777 0.6040123973359943 0 25 5
4.875504849709529 -3.831865403678561 0 50 20
-4.440420193233724 0.8567741850837107 0 25 20
-0.8922255805934629 -4.704034844984358 75 225 20
1.0298926845480365 -3.0941735157895955 0 25 10
-3.7028840064172286 2.972359668129279 0 25 20
-0.1042925384366615 0.6393802207298203 0 25 20
3.334281535128868 3.162936574350951 25 50 20
-2.6667763617638496 1.5850086976955948 150 225 20
2.223658085546381 2.360243574972727 0 25 20
-2.0552988855311605 4.408931934268287 0 25 10
4.951557488093751 3.571383674331507 0 25 5
-4.166647687213143 -1.4966849620656657 0 25 10
4.988413634442354 -0.3211876907126108 0 25 20
0.3160516725179594 2.3568898880828995 0 50 5
-3.4422927627719933 -4.880385880486636 0 25 5
4.656674638402409 -2.0957836990663847 75 125 10
-4.695576882036525 -2.6714253468538307 150 225 20
-2.297120056588783 2.548891879515418 25 100 5
-3.5041415519245445 1.8903574222178 75 225 20
0.8091454465237211 -0.9439748459324626 150 225 10
-0.6124082245910714 -2.15389817406511 0 25 5
4.9288730388751 -3.9907148346294585 150 225 5
-1.1125753570543386 2.0997507916035545 75 125 20
-4.74162868559683 4.027835912396625 0 25 10
