2 2 110
0.666666667 1 1500 40 30
2.279220220228492 -4.949540966218564 0 25 20
-3.152935300096184 -2.88222866484268 25 50 5
-3.083960233537017 2.9956991603577574 0 25 10
-3.399153608781104 -0.4641510030655027 25 100 5
4.881594790965387 1.9956382307531808 25 50 10
4.343796014143022 -2.0093937916173887 0 50 10
-1.7533136088074333 -3.546094931985028 0 25 20
-2.986059867524944 -2.7399836211368003 175 225 5
2.672465312312876 2.4920010090424727 175 225 10
2.509120803097499 3.4663573037744104 0 25 5
1.2718300115174666 -1.4231720433186288 75 225 5
4.610710013446663 -4.221737973791765 25 100 20
-4.863525565682704 0.1039031516459934 0 50 20
-3.532493033976354 0.9942402449978448 25 100 10
-0.0563510117185019 -3.5871737967084307 175 225 20
3.303877020162425 0.7342305368912694 0 25 10
0.5566943626238228 1.2115597831862406 175 225 5
-2.483803497057556 3.4657489132469106 0 25 5
-1.9665873523316604 -0.1139154713842405 75 125 20
1.8216665953045648 -3.908806095518693 0 25 10
-4.04366109562606 -0.3280048520938958 0 25 20
-1.376443294538375 2.322870935949842 0 25 5
-4.501026906905309 1.1645944749008494 0 25 5
-3.743057899715581 -2.4277004587479203 0 25 5
1.1420372253891156 2.144054327123664 25 50 10
-4.721004016763067 2.58036550609016 0 25 20
1.4538204047702603 -2.8078010536126987 0 25 20
0.4679008640474347 0.5148787319571015 25 100 10
1.8486704362277493 -0.9225207941727992 25 100 10
-3.305560218781705 4.762103457637645 75 225 20
-1.2622989965928335 0.3846971619171686 0 25 5
-0.6696684479911141 -2.861182022986041 175 225 5
-3.014230259483281 -3.6339561544669694 175 225 5
2.3573708345118423 -1.2485291363121078 75 225 10
-4.911203131601236 2.490013670417831 0 25 20
-0.1585637921184286 -1.7710065513847129 75 125 10
4.985479200295529 2.664755894422884 175 225 10
-1.064569442891857 4.5558332515840565 0 25 10
-4.0825305897360025 -3.387570731406951 175 225 5
-4.92478757645867 4.231767740202537 0 25 5
4.252078126484122 -2.6288822982326545 25 50 20
2.532584619214658 4.985064681851689 0 25 20
3.681563154479907 2.400874193350376 0 50 5
-4.010599967227069 0.7655482387502968 0 25 5
2.713068682409725 4.2704510854430495 75 225 5
1.296849062407972 -4.755863300942316 175 225 10
-1.1367250263506845 -0.5987158894944429 0 25 10
-3.9160110238649457 3.545409578552768 75 125 20
1.4718244535618643 -4.154714321962176 0 25 20
3.379580007343796 4.439772295493974 0 50 10
