2 2 200
0.666666667 1 1500 40 30
4.549482263236486 7.055357649634445 250 325 20
-9.284808331570147 1.525421247249021 125 175 5
0.6333192139741186 5.574694666054596 0 25 10
7.94723111225932 7.396247286010663 125 325 20
5.303391826175609 -2.8486720201578404 125 325 5
-0.889887986896623 7.780705755191985 50 75 5
9.162112775068238 3.2210454529207304 0 25 10
-1.6560779543346875 6.705148107137514 25 75 10
-5.089729662198801 6.766295229149041 0 25 10
-4.748188293877953 -3.3666515233719485 0 25 5
8.589648233147898 -6.105353228954195 250 325 5
6.70230408628828 -8.37483144480128 0 25 5
-8.42606738348065 9.61281482082024 25 75 20
-8.237287654355745 4.886091203448707 25 75 10
4.323540479486024 4.436860464904166 0 25 10
-6.720720501855393 -0.1517504652331354 0 25 5
-2.0800152959750946 -6.52079796687288 0 50 20
-5.38032274104991 8.923571125845676 125 175 5
-5.604593406577929 -5.346945666932834 25 50 20
5.093478717011273 -0.9303262268373996 25 50 5
1.8729005177790563 -2.3650714963159984 0 50 5
-7.433760954551422 8.309121870976853 0 25 5
-4.466747891678235 0.2258093496392614 50 75 20
6.782801846878389 2.3426829592644047 0 25 20
0.4237213439827698 -6.248356814531249 125 175 10
1.9154592361535432 5.397200520685114 25 50 20
-2.875514443043576 4.143753796069525 50 75 20
-8.147409142739939 4.4487122932035135 25 75 10
-3.7116192957566296 0.3398176055155861 0 50 20
-3.256592596358889 -9.038561626904206 250 325 20
-6.9304468993367285 6.646019385955434 0 25 20
4.314421007469411 9.283259583279431 250 325 20
-2.543344360984402 0.7010155752917218 25 75 5
-5.52673029373323 5.838320365476029 25 75 5
1.526205610250468 3.6823260883613926 125 175 10
0.7155208855893829 -1.742628842285885 250 325 5
9.6317403845036 -5.604211008114439 0 25 20
6.850078372980203 8.586483770624437 25 75 5
2.544381956381219 3.888689540175952 0 25 5
2.5588161447560527 9.714757257231929 0 25 10
-8.439552043546463 -7.77279982295868 0 50 10
6.3060691322835964 -0.8383535514076783 125 175 20
3.5917250497258344 -5.921247015341309 0 25 10
9.113598277859044 -0.6354683069410925 125 175 10
3.25403502147676 4.739964048517484 0 50 20
-2.2833368419336626 8.607159438330012 50 75 5
2.969717070825091 3.250746567397336 0 25 5
0.6168194737402288 -8.270424080647047 25 75 10
-2.900349795084738 -5.764778104313497 0 50 20
5.547072489234887 4.760181356060922 25 75 5
