2 2 300
0.666666667 1 1500 40 30
6.816161035356281 -4.157968348718748 75 225 20
-10.608256097967356 2.849022321893571 0 25 10
7.071094355090583 7.9870083522591955 25 100 20
-4.808168745364675 -5.413534976277408 25 50 5
-2.058730240916232 13.571038068044558 0 25 10
2.0454363636185384 10.290602726779028 175 225 20
7.145034708982312 2.1134808586524727 0 25 20
7.400320939362551 -8.975673667195855 75 225 10
-11.0257887514403 11.753507270123052 0 25 20
14.087930112675616 -14.319406802886618 25 50 5
-5.674138350583451 -6.091137535074735 25 100 20
13.786251872294844 -0.5004674723257665 75 125 20
6.531784476689246 -1.116270192401176 0 25 5
-7.411002641075449 -14.063013284498318 175 225 10
-7.522070759919338 -0.8946220501548279 0 25 5
1.923293142731332 -7.685816351184711 0 50 20
6.00591343693689 -5.830723534892847 175 225 10
-14.441928194409211 -2.82177689477998 75 125 10
8.08883305840996 -0.6276218415541344 25 50 10
-9.05465095072116 4.803068474558728 75 125 5
5.773551035982706 6.914237232017584 75 225 10
-9.36342836075434 9.760725342076537 75 225 20
9.381654475878427 -13.554327615687304 25 50 20
-12.98377134800382 -8.00770025083311 0 25 20
4.961263594009473 -0.8553544119184959 0 25 10
1.0949092181280946 -9.691377197759818 25 50 10
-3.518111660111952 -3.0009489035233123 25 50 20
3.603996770359665 9.750127964979583 25 50 20
-0.2354930950258591 -3.5239009431003225 75 125 10
4.134186341359669 5.735666139903046 0 50 20
-2.360933649285311 3.257992081876978 75 125 20
11.560013356089694 -14.570049090533589 75 125 5
-6.678412178106592 2.223557922298877 0 25 10
6.492579792918932 4.259321501318194 25 100 20
6.503059369704253 4.355558720570983 0 25 5
14.002665040634655 -6.994497786621512 175 225 10
14.142314272869722 -0.2466669400288772 175 225 10
12.3564129135439 -11.59293960801536 0 25 10
-4.544927706718468 3.4304821235478293 25 50 5
-8.99422343614593 -2.3017647832288386 0 25 10
8.091334825444935 -1.922731527689022 25 50 20
-1.4240865759196897 -4.985164414269667 175 225 20
-10.006673648128796 5.467433615150185 25 50 20
-0.9082842815365382 -14.903110587595222 75 125 20
8.926159976171881 -14.310898237355524 25 50 5
-7.814336911789076 -12.782263406311806 0 25 20
9.173425480969644 -9.12051981597033 175 225 20
-9.470813777694412 9.769244607424238 0 25 20
2.3898770118270782 -12.356982028448348 25 50 10
-4.770269949648133 3.432845033250093 75 225 10
