2 2 300
0.666666667 1 1500 40 30
6.808098675857835 11.101027722180504 75 100 20
-7.289300145614329 3.4099132199484465 25 75 5
13.192210336254824 7.611975152471338 0 25 20
8.462815393846832 8.078559565464023 0 25 5
-12.072547774061045 1.4150841663258724 150 175 5
5.425704260547171 8.910146820770084 0 25 10
0.5469007023971031 -0.6046073561458201 0 25 20
-12.715241636807704 1.990929610832346 150 175 10
-14.416982562547563 13.35757080245287 0 25 5
5.29814311320299 6.411163679284691 150 175 5
5.767251396146087 -3.024245673753015 25 50 20
-12.48095238484273 11.56131266958522 150 175 20
-4.297330418435376 13.348237383967284 0 25 20
-2.4660742476521147 -5.455163821204538 0 25 5
8.470547313897452 -8.444535244700742 25 75 20
13.927666144176085 14.855992995480282 150 175 10
-14.868150182163577 -1.880249225406704 0 25 10
9.186627722756436 10.971089521671525 75 175 20
-5.415443773313186 6.76517481729098 25 50 5
4.250480023040765 11.00162584233872 0 50 5
8.737751742331668 -12.623918291490831 75 175 10
-7.576215289681544 7.057767430652955 0 25 5
-4.536570104795459 2.5526302971316674 75 100 10
-6.141745019290386 10.470575059437174 150 175 10
9.286945619079624 7.661826397959885 0 50 5
-0.6833704179741318 2.521445717522365 0 25 10
-2.722951655658539 -12.217528948185752 150 175 5
-10.5708931922056 12.827187490153904 75 175 5
5.096442753583229 -7.557527400404353 75 100 10
13.15326157725767 -4.970826173907273 25 50 5
5.673802603399633 -3.4530458092488736 0 25 5
-13.351604351989897 -13.064988003021163 25 75 5
-9.541808261771418 3.39559248166017 0 25 20
-8.724744526527461 -0.2388379926124848 75 175 5
10.7168103240328 3.187627414530205 25 50 5
-3.0679516941495955 -11.375051862779362 75 175 20
13.837017968984044 7.912982632113909 0 25 5
14.437708267617497 -6.065603977897704 75 100 10
-12.906428795043604 1.0279299368317325 150 175 5
8.173328016504385 10.824334994729265 150 175 20
-1.158002283790433 7.813736679059971 75 175 10
-12.307276850264774 -8.712798948462648 75 175 20
4.599064682118819 -10.183262246687669 0 25 5
14.513034467173192 1.146981285221198 0 25 10
12.971267420128626 -5.731742100452443 150 175 20
-12.203668113642818 -8.475265523083792 0 25 10
13.892275802736496 6.882840516963334 150 175 20
10.133143681035662 1.9441262298887203 0 25 20
9.130278269246425 13.933203099573554 75 175 5
12.138851366851402 -0.2745819675911978 0 25 10
