3 2 350
0.666666667 1 1500 40 30
9.184962431743298 11.348094715335332 150 375 20
-13.971814680332171 -2.931991963281288 150 200 20
15.974738205141684 15.149745251319054 325 375 5
-5.662704311256551 -9.123178751747968 0 25 20
-2.579159084492112 3.966162456544264 50 75 5
2.164031337495324 -9.713725492187264 0 50 20
8.70432221642514 -4.564971712588765 25 75 20
11.253843711720442 16.433188621509743 0 50 10
-14.006721166928342 -3.577424725545108 0 25 5
4.26135200266517 12.140611810095509 0 25 5
15.137809410792748 -4.924219049293651 0 25 5
13.588121440803596 14.591351910245775 325 375 10
18.65842053808929 -15.062451769002898 0 25 20
10.779520039966943 -2.0448815151351667 0 25 10
-1.9408475459261787 9.40612595411227 150 200 20
18.51191185940588 -0.7494690830321886 0 25 20
18.49664741574168 -15.179986184078832 25 75 10
17.201425330846348 -9.27676261417934 325 375 10
12.836432725224377 -9.550389028213573 50 75 10
-11.734440215484474 12.021400501865976 25 75 10
12.127663148068116 3.676849258124463 0 25 10
6.068871999454004 5.449794797138562 25 75 10
19.527564622358994 -11.355935351022724 50 75 10
-19.41600571081491 7.583762608979107 150 200 20
-5.293164387356519 16.653357136188333 325 375 10
-17.20076719740854 0.5242935213056228 150 200 10
-14.232738580489116 -13.40230764898073 325 375 10
14.904004405604232 16.075456913927454 150 200 5
15.702779619369622 3.704988261265978 0 50 20
17.28334681646308 16.125454870324027 0 25 10
-19.564748352739105 4.876438175548337 150 375 10
-5.647233381359769 2.512531848907184 0 25 20
-14.543800739156026 -11.099673200122805 150 375 5
-8.735330937092964 19.657005089933985 0 25 10
-1.8942626454380047 19.82258312759217 0 25 20
-16.482383896781016 3.2406554413441704 0 50 5
-17.480026514971776 -18.244683523038777 25 75 20
-8.500327030824586 -1.785276199773893 0 25 20
14.278107662804295 -6.595398786769277 0 25 20
-18.002923095268862 -0.5822140662367978 50 75 10
1.7804935328903468 0.5987370979075379 150 200 20
8.69949999882185 -1.915273263516436 0 25 20
11.388904333865074 -4.901738767125305 325 375 5
13.733134671185866 -12.471914802451296 25 50 20
3.3602537311362326 -2.031064736133441 150 200 20
2.252861520091741 11.273012294553016 0 25 20
-4.394968098436616 -4.201018275257326 50 75 5
-7.875239420214131 -13.072913436497192 0 25 20
2.3016869973574714 -11.958198766286827 150 200 20
-9.269813942719264 9.0662507210956 50 150 20
