22 23
1 20 2147483647 0
1 17 2147483647 0
1 19 2147483647 0
1 16 2147483647 0
1 15 2147483647 0
1 18 2147483647 0
22 1 375 0
22 2 1500 0
3 15 2147483647 0
22 3 40 0
4 15 2147483647 0
22 4 40 0
5 15 2147483647 0
22 5 40 0
6 15 2147483647 0
22 6 10 0
7 15 2147483647 0
22 7 0 0
8 15 2147483647 0
22 8 0 0
9 15 2147483647 0
22 9 0 0
10 15 2147483647 0
22 10 0 0
11 15 2147483647 0
22 11 0 0
12 15 2147483647 0
22 12 0 0
13 15 2147483647 0
22 13 0 0
14 15 2147483647 0
22 14 0 0
22 15 40 0
15 23 400 -10
16 23 25 -20
17 23 50 -5
18 23 50 -10
19 23 25 -20
20 23 25 -20