2 2 60
40 60 1500 40 30
1.157974298910459 -2.2313717008618155 250 500 20
-2.4696454199329287 0.6146345252585386 0 25 5
-0.4845212543009705 2.352092265948861 250 500 5
-1.9279301123037824 0.7025983899721862 250 250 20
-1.416617354230835 2.0197138902183958 50 100 20
-2.194268155519119 -1.1936584929032978 25 50 5
-0.8475735658866572 1.0848192403117047 0 25 5
-2.3409153756123757 -1.3494783960704777 500 500 10
0.7272861696409656 -2.4077006824682883 500 500 20
1.2757420990296475 -2.153120779725213 100 200 20
1.2416390558178647 -1.030617458723525 100 200 20
0.4695426551613573 -1.2515896513553666 0 25 5
-1.098779525609751 -1.2283157808017982 100 200 10
-1.3630282797631148 -2.4429820039925394 100 200 20
1.8775273482473809 0.4034370291225162 100 100 5
0.9753105466903272 0.688549236352153 25 25 20
-2.1751747241930817 -0.0591888225271848 100 100 10
1.6041654283794236 -1.3508761050710685 50 100 10
1.4431146627591156 1.4372277766703472 25 50 10
-1.061965180483722 -1.0733397214041585 25 25 20



/*
Input format

numTruck numDrone timeLimit
speedTruck speedDrone capacityTruck capacityDrone durationDrone
*/